[[1.0, 'OBVEXP12', (38974, 1883)]
[0.76350656002941197, 'OBDEXP12', (38974, 1883)]
[0.56007594189050902, 'INSENDMM', (8, 1883)]
[0.53923192214885962, 'OBVPTR12', (38974, 1883)]
[0.53091594946058429, 'OBVPRV12', (38974, 1883)]
[0.47143070273972498, 'OBTOTV12', (38974, 1883)]
[0.45747905577217063, 'OBVTCH12', (38974, 1883)]
[0.42080339272951806, 'OBDPTR12', (38974, 1883)]
[0.41669683111590672, 'OBOEXP12', (38974, 1883)]
[0.41474124487889641, 'OBDPRV12', (38974, 1883)]
[0.40186438732626539, 'OBDTCH12', (38974, 1883)]
[0.36115323820594958, 'OBDRV12', (38974, 1883)]
[0.29075736924022877, 'OBVMCR12', (38974, 1883)]
[0.23647453652277661, 'OBOTHV12', (38974, 1883)]
[0.22694877099809485, 'OBDMCR12', (38974, 1883)]
[0.20708974946049241, 'OBOPTR12', (38974, 1883)]
[0.20428796314320641, 'INSENDYY', (10, 1883)]
[0.20280264122423319, 'OBOPRV12', (38974, 1883)]
[0.1860697746828931, 'BRAIAGED', (19, 1883)]
[0.18172849854949014, 'OBOTCH12', (38974, 1883)]
[0.16089182636433508, 'TOTEXP12', (38974, 1883)]
[0.14639474374448957, 'TOTTCH12', (38974, 1883)]
[0.12755614046085073, 'BLDRREMS', (40, 1883)]
[0.12031800901616274, 'OBVSLF12', (38974, 1883)]
[0.11727478369489008, 'OBOMCR12', (38974, 1883)]
[0.11563751238133357, 'OBVMCD12', (38974, 1883)]
[0.10146300194836544, 'TOTPTR12', (38974, 1883)]
[0.099776144489195806, 'ADAPPT42', (24421, 1883)]
[0.098552955585012203, 'TOTPRV12', (38974, 1883)]
[0.096569853868935573, 'OBNEXP12', (38974, 1883)]
[0.08675159378546704, 'OBTEXP12', (38974, 1883)]
[0.085455942093841997, 'LUNGREMS', (52, 1883)]
[0.079838836312569716, 'AMNEXP12', (38974, 1883)]
[0.078336608779173589, 'OBDMCD12', (38974, 1883)]
[0.077010897520874755, 'OBTHER12', (38974, 1883)]
[0.076541386498651498, 'OBDSLF12', (38974, 1883)]
[0.075307584641691405, 'AMTHER12', (38974, 1883)]
[0.074323028631980925, 'AMTEXP12', (38974, 1883)]
[0.073782815538637636, 'OBNURS12', (38974, 1883)]
[0.073047358933273299, 'AMNURS12', (38974, 1883)]
[0.072446076789360436, 'OBTTCH12', (38974, 1883)]
[0.071653560302155306, 'RXTOT12', (38974, 1883)]
[0.065652782720380332, 'ADSPEC42', (24438, 1883)]
[0.064542263485575235, 'OBOMCD12', (38974, 1883)]
[0.0639257979229787, 'OBNTCH12', (38974, 1883)]
[0.062053284995088553, 'OBVOTH12', (38974, 1883)]
[0.061151510465665027, 'LUNGAGED', (49, 1883)]
[0.061104519124809298, 'COLOREMS', (122, 1883)]
[0.058412470202551026, 'AMNTCH12', (38974, 1883)]
[0.055200077391056257, 'OBOSLF12', (38974, 1883)]
[0.053551331863803897, 'BLDRAGED', (41, 1883)]
[0.05323528131745292, 'LYMPREMS', (47, 1883)]
[0.053182073026694199, 'CHAPPT42', (10639, 1883)]
[0.053159683758688847, 'TOTMCR12', (38974, 1883)]
[0.049763419493289884, 'LYMPAGED', (47, 1883)]
[0.048439145697229402, 'PCS42', (24859, 1883)]
[0.046317081458804643, 'OBNMCR12', (38974, 1883)]
[0.045845450742851734, 'ANYLIM12', (37358, 1883)]
[0.045592895237713149, 'OBTPTR12', (38974, 1883)]
[0.044361400682184637, 'OBTPRV12', (38974, 1883)]
[0.043583691426401061, 'ADPWLM42', (24863, 1883)]
[0.04343596312023057, 'AMNMCR12', (38974, 1883)]
[0.043029299933976417, 'OBNPTR12', (38974, 1883)]
[0.042773898253366194, 'OBNPRV12', (38974, 1883)]
[0.042769220444396017, 'DSKIDN53', (2316, 1883)]
[0.041744397340195527, 'ACTLIM53', (35662, 1883)]
[0.041668925418156477, 'ARTHDX', (28034, 1883)]
[0.041549186573714869, 'OBVVA12', (38974, 1883)]
[0.041395734108663707, 'AMTPTR12', (38974, 1883)]
[0.040190412212923299, 'AMTPRV12', (38974, 1883)]
[0.039959763478079502, 'WLKLIM53', (38556, 1883)]
[0.039689963129398209, 'CHSPEC42', (10730, 1883)]
[0.039419082589579713, 'ADDAYA42', (24874, 1883)]
[0.038922213679982054, 'ADRTCR42', (24373, 1883)]
[0.038222889930639936, 'WLKLIM31', (37643, 1883)]
[0.037393166394787625, 'OBDOTH12', (38974, 1883)]
[0.037119774377648129, 'ADPALS42', (24849, 1883)]
[0.036139347171555647, 'AMTTCH12', (38974, 1883)]
[0.03569934736452629, 'ADCLIM42', (24822, 1883)]
[0.034105659344029204, 'TOTSLF12', (38974, 1883)]
[0.033522903045710817, 'MCRPB12', (38258, 1883)]
[0.033498632892743241, 'JTPAIN53', (27599, 1883)]
[0.032960235756876899, 'ADPAIN42', (24835, 1883)]
[0.032688779348579722, 'OTHRAGED', (459, 1883)]
[0.032662741790664529, 'MCRDE12', (38602, 1883)]
[0.032655693135525188, 'AGE12X', (38687, 1883)]
[0.032633227312637736, 'AGE53X', (38689, 1883)]
[0.032594585438403323, 'MCARE53', (38689, 1883)]
[0.03249326287208143, 'MCRNO12', (38529, 1883)]
[0.03247876082205492, 'MCARE12', (38687, 1883)]
[0.032418469614154177, 'AMNPTR12', (38974, 1883)]
[0.032393563654753876, 'MCARE53X', (38689, 1883)]
[0.032392848876112823, 'MCRDE12X', (38602, 1883)]
[0.032342005719128486, 'AMNPRV12', (38974, 1883)]
[0.032275110569066845, 'ACTLIM31', (34697, 1883)]
[0.032227532550526572, 'MCRNO12X', (38529, 1883)]
[0.032191462077953537, 'MCARE12X', (38687, 1883)]
[0.032190939397555574, 'MCROC12', (38431, 1883)]
[0.032187260455407207, 'MCROC12X', (38431, 1883)]
[0.032180964454869621, 'AGE42X', (38382, 1883)]
[0.0321139630817735, 'AGE31X', (37776, 1883)]
[0.032006117931916434, 'MCRSE12', (38344, 1883)]
[0.031989032282000118, 'MCRAU12X', (38265, 1883)]
[0.031961888554324358, 'MCRSE12X', (38344, 1883)]
[0.031691228346107159, 'MCRAU12', (38265, 1883)]
[0.031676480016733066, 'AGELAST', (38974, 1883)]
[0.031670205149384345, 'DOBYY', (38974, 1883)]
[0.031534456006565237, 'WKINBD31', (2425, 1883)]
[0.0312578430027729, 'MCREV12', (38974, 1883)]
[0.030785800408290487, 'MCRPB42', (37966, 1883)]
[0.030692255679962921, 'MCRJU12', (38069, 1883)]
[0.030668044186358823, 'MCRJL12', (38156, 1883)]
[0.030600488812792537, 'MCRJL12X', (38156, 1883)]
[0.030498539715024697, 'CANCERDX', (28042, 1883)]
[0.030451705980748089, 'MCRMY12', (37994, 1883)]
[0.030348607836374164, 'MCRAP12', (37920, 1883)]
[0.030260612283002808, 'MCRJU12X', (38069, 1883)]
[0.030243077317631761, 'IPDIS12', (38974, 1883)]
[0.030214231231196598, 'DDNWRK53', (17783, 1883)]
[0.030199120052886053, 'AIDHLP53', (38621, 1883)]
[0.030113939053404093, 'MCARE42', (38382, 1883)]
[0.030077322941934215, 'OBDVA12', (38974, 1883)]
[0.03004998693822114, 'MCRMY12X', (37994, 1883)]
[0.030036662121454838, 'MCRMA12', (37833, 1883)]
[0.030005113556679897, 'ASTHAGED', (3530, 1883)]
[0.029974104390981027, 'OPTTCH12', (38974, 1883)]
[0.029951819890764675, 'OBOOTH12', (38974, 1883)]
[0.029942537465613595, 'MCARE42X', (38382, 1883)]
[0.029898411217185394, 'MCRAP12X', (37920, 1883)]
[0.029895313948259505, 'MCRFE12', (37732, 1883)]
[0.029739403251802132, 'MCRPD12', (38297, 1883)]
[0.029720430732936731, 'MCRMA12X', (37833, 1883)]
[0.029659251774052264, 'MCRJA12', (37649, 1883)]
[0.02958172990203789, 'OPFTCH12', (38974, 1883)]
[0.029520262085423132, 'MCRFE12X', (37732, 1883)]
[0.029199865900716881, 'MCRJA12X', (37649, 1883)]
[0.029182241490250505, 'MCRPB31', (37360, 1883)]
[0.029004082229728945, 'MCRPD12X', (38400, 1883)]
[0.028608866640545627, 'MCARE31', (37776, 1883)]
[0.028550095942231346, 'RTHLTH42', (38193, 1883)]
[0.028420698018151724, 'MCARE31X', (37776, 1883)]
[0.028208635512513625, 'BRSTREMS', (374, 1883)]
[0.027587448251513269, 'MELAAGED', (138, 1883)]
[0.027498001841651187, 'DDNWRK42', (17641, 1883)]
[0.027114269731863816, 'MCRPD42X', (38083, 1883)]
[0.027053324895556341, 'MCRPHO12', (38266, 1883)]
[0.026810847709519137, 'ADNSMK42', (4185, 1883)]
[0.026451634916945466, 'MCRPD42', (37987, 1883)]
[0.026283836565519803, 'JTPAIN31', (27015, 1883)]
[0.026188205081584925, 'EVRWRK', (9584, 1883)]
[0.026018576177023078, 'PSA53', (6406, 1883)]
[0.025524784811247314, 'OBVOPR12', (38974, 1883)]
[0.025405820570067794, 'ADILCR42', (24571, 1883)]
[0.025152151646470111, 'ADNRGY42', (24902, 1883)]
[0.025012132000101106, 'MCRPD31', (37321, 1883)]
[0.025004330562569232, 'RTHLTH53', (38508, 1883)]
[0.024957610030535871, 'MCRPD31X', (37430, 1883)]
[0.024940172012874462, 'OBVOSR12', (38974, 1883)]
[0.024670913796220995, 'BPMONT53', (21569, 1883)]
[0.024648329203760477, 'SOCLIM53', (38572, 1883)]
[0.024423312101380046, 'WKINBD42', (3162, 1883)]
[0.024373150906093266, 'MCRPHO42', (37914, 1883)]
[0.024157848697146322, 'OPTEXP12', (38974, 1883)]
[0.02374084231907625, 'OPFEXP12', (38974, 1883)]
[0.023532789649493902, 'USLIVE42', (7988, 1883)]
[0.023221230176030283, 'MDUNRS42', (989, 1883)]
[0.023191889585328473, 'MCRPHO31', (37270, 1883)]
[0.02304122546491294, 'CLNTST53', (14969, 1883)]
[0.022888675204473796, 'AIDHLP31', (37727, 1883)]
[0.022826233918041949, 'RTHLTH31', (37661, 1883)]
[0.022749265908508898, 'PREGNT42', (7943, 1883)]
[0.022691917240330373, 'ADNDCR42', (15606, 1883)]
[0.022412978313369858, 'DNUNRS42', (1569, 1883)]
[0.022319407552246595, 'FLUSHT53', (26617, 1883)]
[0.022141843800650429, 'OBCEXP12', (38974, 1883)]
[0.021956854604864851, 'OBNMCD12', (38974, 1883)]
[0.021943176942821885, 'AMCEXP12', (38974, 1883)]
[0.021896975346132108, 'IPTEXP12', (38974, 1883)]
[0.021847904181847677, 'CHOLCK53', (25618, 1883)]
[0.021693181844953391, 'OBTMCR12', (38974, 1883)]
[0.021463418083116248, 'MDDLRS42', (1075, 1883)]
[0.021295920196640838, 'SOCLIM31', (37708, 1883)]
[0.021277842671424185, 'SSECP12X', (38974, 1883)]
[0.021262789680521532, 'OBOVA12', (38974, 1883)]
[0.021233665574335148, 'OPVTCH12', (38974, 1883)]
[0.020965443911384551, 'ADGENH42', (24807, 1883)]
[0.020919998664412298, 'NOASPR53', (22794, 1883)]
[0.020757613175039547, 'HIBPDX', (28028, 1883)]
[0.02066972533016298, 'OBVWCP12', (38974, 1883)]
[0.020453552727977886, 'IPFEXP12', (38974, 1883)]
[0.020439084712830624, 'RXSLF12', (38974, 1883)]
[0.02013078148793257, 'IPDTCH12', (38974, 1883)]
[0.020097289493022474, 'WRGLAS42', (38271, 1883)]
[0.019864730252957097, 'CHOLDX', (28014, 1883)]
[0.01984603419467823, 'ADSOCA42', (24910, 1883)]
[0.019579847196801059, 'IPDEXP12', (38974, 1883)]
[0.019410652214984392, 'TOTMCD12', (38974, 1883)]
[0.018745962664597493, 'OBCHIR12', (38974, 1883)]
[0.018727067691369115, 'AMCHIR12', (38974, 1883)]
[0.018556807914202333, 'OBCTCH12', (38974, 1883)]
[0.0185515483453077, 'CHNDCR42', (7937, 1883)]
[0.018487482579146008, 'HYSTER53', (14508, 1883)]
[0.018438650021310288, 'OPTOTV12', (38974, 1883)]
[0.018235857652006526, 'CHSERV42', (10724, 1883)]
[0.018222082911816373, 'OPOEXP12', (38974, 1883)]
[0.018115801132502551, 'DSEYPR53', (2323, 1883)]
[0.018050915960541425, 'THYRAGED', (68, 1883)]
[0.017947729350185515, 'IPTTCH12', (38974, 1883)]
[0.017770576683682093, 'AMCTCH12', (38974, 1883)]
[0.017297078514201147, 'FAMSZE31', (37777, 1883)]
[0.017285320592457243, 'RUSIZE31', (37776, 1883)]
[0.01727724329322633, 'IADLHP42', (38259, 1883)]
[0.016903715929350027, 'FAMSZE42', (38378, 1883)]
[0.016784654419297107, 'RUSIZE42', (38382, 1883)]
[0.016701071345495255, 'RXPTR12', (38974, 1883)]
[0.016671460333516852, 'DDBDYS53', (37672, 1883)]
[0.016621245780921945, 'OHRTDX', (28036, 1883)]
[0.016614783872008876, 'FAMS1231', (37574, 1883)]
[0.016535629178815014, 'MAMOGR53', (10643, 1883)]
[0.01652646522320711, 'CHECK53', (26397, 1883)]
[0.016484015304549793, 'ADDRBP42', (24565, 1883)]
[0.016445156962205276, 'FAMSZE12', (38683, 1883)]
[0.016439284591573067, 'IPFTCH12', (38974, 1883)]
[0.016415418342099808, 'FAMSZE53', (38685, 1883)]
[0.016298885220235815, 'RUSIZE12', (38687, 1883)]
[0.01626636385107183, 'RUSIZE53', (38689, 1883)]
[0.016188992688263348, 'FAMSZEYR', (38974, 1883)]
[0.016183674243568591, 'BPCHEK53', (26575, 1883)]
[0.016080905195655415, 'OBDWCP12', (38974, 1883)]
[0.015969724831402021, 'AMTSLF12', (38974, 1883)]
[0.015899738716988465, 'PBPWKT42', (68, 1883)]
[0.015824812882226702, 'OPTPTR12', (38974, 1883)]
[0.015712157741135435, 'OPTPRV12', (38974, 1883)]
[0.015694690317401894, 'DDBDYS42', (37379, 1883)]
[0.015682318327482236, 'CHTHER42', (10756, 1883)]
[0.015673874483526196, 'OBDOPR12', (38974, 1883)]
[0.015655113949592403, 'PERWT12F', (38974, 1883)]
[0.015589222331694241, 'OBTSLF12', (38974, 1883)]
[0.015558849333691227, 'ADINSA42', (24642, 1883)]
[0.015525325005080859, 'RESP12', (38974, 1883)]
[0.015512560906621231, 'OPVEXP12', (38974, 1883)]
[0.015498115708150961, 'SKDKAGED', (230, 1883)]
[0.015495363203059442, 'ASPRIN53', (27277, 1883)]
[0.015372514387175684, 'RXPRV12', (38974, 1883)]
[0.015063330691838517, 'OPOTHV12', (38974, 1883)]
[0.014982548307911792, 'CHILCR42', (10744, 1883)]
[0.014890554352345875, 'RESP53', (38974, 1883)]
[0.014812582262096363, 'CHLIMI42', (10753, 1883)]
[0.01475910917898704, 'IADLHP53', (38613, 1883)]
[0.014599664942370971, 'OPFPTR12', (38974, 1883)]
[0.014595927980345813, 'ADMALS42', (24878, 1883)]
[0.014541251711530423, 'FCSZ1231', (37231, 1883)]
[0.014522374529248316, 'OBVTRI12', (38974, 1883)]
[0.014503613536299809, 'OPFPRV12', (38974, 1883)]
[0.014469998697116848, 'CERVREMS', (151, 1883)]
[0.014386919786617769, 'CHRTCR42', (10700, 1883)]
[0.01424013811235203, 'PBSVCT42', (144, 1883)]
[0.014235510119932293, 'SAQWT12F', (38974, 1883)]
[0.014087024696867845, 'ASWNFL53', (394, 1883)]
[0.014007300185841509, 'NHRWG31', (899, 1883)]
[0.01393829762901122, 'AMTMCR12', (38974, 1883)]
[0.013871321866321895, 'WKINBD53', (2672, 1883)]
[0.01348812382431841, 'DSVB1153', (2293, 1883)]
[0.013433164299463285, 'OBDOSR12', (38974, 1883)]
[0.013424718382042844, 'DDNWRK31', (17241, 1883)]
[0.013419519464463736, 'PREGNT53', (8007, 1883)]
[0.013324785687505503, 'OPDRV12', (38974, 1883)]
[0.013217638306054491, 'MARRY53X', (38681, 1883)]
[0.013199475260215809, 'IADLHP31', (37703, 1883)]
[0.013147540127136925, 'MARRY12X', (38965, 1883)]
[0.013143122324166923, 'DVGEN12', (38974, 1883)]
[0.013120259206462759, 'OPOTCH12', (38974, 1883)]
[0.013118779171781947, 'OBOOPR12', (38974, 1883)]
[0.013072804044633068, 'OBOOSR12', (38974, 1883)]
[0.012999778605902179, 'HONRDC31', (37682, 1883)]
[0.012986205256658279, 'MARRY42X', (38376, 1883)]
[0.012978932728855086, 'CSHCN42', (10789, 1883)]
[0.012859114131671734, 'LEUKREMS', (36, 1883)]
[0.012857410292909766, 'HAVEUS42', (37304, 1883)]
[0.012835046917425541, 'HONRDC42', (38283, 1883)]
[0.012833663734584388, 'DDNSCL42', (9820, 1883)]
[0.012713038171431101, 'ADMWLM42', (24738, 1883)]
[0.012667780549735941, 'ERTOT12', (38974, 1883)]
[0.012612241742158026, 'HONRDC53', (38581, 1883)]
[0.012499597533742524, 'ACTDTY53', (38681, 1883)]
[0.012297480280048623, 'MNHLTH42', (38181, 1883)]
[0.012273184561438333, 'CHCOUN42', (10746, 1883)]
[0.012221220813360856, 'ADLHLP42', (38254, 1883)]
[0.012112157704316395, 'INSCOV12', (38974, 1883)]
[0.012049659889439956, 'COGLIM53', (27694, 1883)]
[0.011967924508011096, 'EDUCYR', (16643, 1883)]
[0.011772972707721596, 'OBCMCR12', (38974, 1883)]
[0.011772972707721596, 'AMCMCR12', (38974, 1883)]
[0.011669598214683052, 'ACTDTY42', (38375, 1883)]
[0.011601107047924275, 'RXEXP12', (38974, 1883)]
[0.011529386049590529, 'DSFL1153', (2293, 1883)]
[0.011468532663364672, 'UNION53', (2072, 1883)]
[0.01144456159692453, 'BSNTY42', (173, 1883)]
[0.011370739699617549, 'DSEY1253', (2314, 1883)]
[0.011343969524347131, 'MNHLTH53', (38503, 1883)]
[0.011274096718952409, 'INS42X', (38382, 1883)]
[0.01122597629238109, 'OPTMCR12', (38974, 1883)]
[0.011208012073936735, 'INSJU12X', (38069, 1883)]
[0.011162063283405077, 'DVTOT12', (38974, 1883)]
[0.011033107237498396, 'IPDPTR12', (38974, 1883)]
[0.011031852408448062, 'INSJL12X', (38156, 1883)]
[0.010990509776844459, 'COGLIM31', (26926, 1883)]
[0.010978713943634699, 'ADLHLP31', (37696, 1883)]
[0.010931059285932743, 'INSMY12X', (37994, 1883)]
[0.010923393788129454, 'FAMRFPYR', (38974, 1883)]
[0.010921119139297275, 'IPDPRV12', (38974, 1883)]
[0.010909155633858858, 'OHRTAGED', (2299, 1883)]
[0.010841469359162303, 'OBTMCD12', (38974, 1883)]
[0.010768578599219758, 'INSAT42X', (38382, 1883)]
[0.010763204803446946, 'INSAU12X', (38265, 1883)]
[0.010750562266262254, 'OPVPTR12', (38974, 1883)]
[0.010739252297034541, 'CHPMED42', (10752, 1883)]
[0.010732350718496875, 'INS12X', (38687, 1883)]
[0.010729536546144502, 'ACTDTY31', (37754, 1883)]
[0.010711181626550381, 'DIABW12F', (38974, 1883)]
[0.010710470698581775, 'OPVPRV12', (38974, 1883)]
[0.010693171773029753, 'INSAP12X', (37920, 1883)]
[0.010690076085070443, 'OBNOTH12', (38974, 1883)]
[0.010671389524731567, 'INSMA12X', (37833, 1883)]
[0.010648099625465313, 'BSTST53', (14616, 1883)]
[0.010634953466082453, 'INSDE12X', (38602, 1883)]
[0.010620635579003834, 'INSOC12X', (38431, 1883)]
[0.01061966403409742, 'INSNO12X', (38529, 1883)]
[0.010578218267471295, 'INSAT12X', (38687, 1883)]
[0.010562872102474197, 'DNDLRS42', (1140, 1883)]
[0.010531868757410079, 'INS53X', (38689, 1883)]
[0.010496867508915986, 'INSSE12X', (38344, 1883)]
[0.010477793095311716, 'AMNOTH12', (38974, 1883)]
[0.010446616984746249, 'RESP42', (38974, 1883)]
[0.01042675022441697, 'ADEFRT42', (24682, 1883)]
[0.01042534240396964, 'MNHLTH31', (37642, 1883)]
[0.010399319962698272, 'IPTPTR12', (38974, 1883)]
[0.010378352175230976, 'OPFMCR12', (38974, 1883)]
[0.010362704619840235, 'MARRY31X', (37771, 1883)]
[0.01031126455149256, 'INSAT53X', (38689, 1883)]
[0.010307979497514386, 'OBVSTL12', (38974, 1883)]
[0.010270261250082124, 'NOFAT53', (26794, 1883)]
[0.010267274656573733, 'INSFE12X', (37732, 1883)]
[0.01021176706839666, 'SPOUIN31', (37771, 1883)]
[0.010170168199479246, 'FCRP1231', (38531, 1883)]
[0.010151365671846935, 'IPTPRV12', (38974, 1883)]
[0.01011880022380296, 'AMTMCD12', (38974, 1883)]
[0.010052728019571355, 'EDRECODE', (34757, 1883)]
[0.010025922259037534, 'OBOTRI12', (38974, 1883)]
[0.009949677052440431, 'INSJA12X', (37649, 1883)]
[0.0099473816630812895, 'INS31X', (37776, 1883)]
[0.0099300065824200479, 'RXMCR12', (38974, 1883)]
[0.0099076644155590143, 'INSAT31X', (37776, 1883)]
[0.0098300591171845975, 'HHTOTD12', (38893, 1883)]
[0.0097521647784118981, 'ERTEXP12', (38974, 1883)]
[0.0097465781969052756, 'SPOUIN42', (38376, 1883)]
[0.00968527704158062, 'K6SUM42', (24463, 1883)]
[0.0096545874660942665, 'PENSP12X', (38974, 1883)]
[0.0096203236618266352, 'ADINST42', (15633, 1883)]
[0.009582812397539664, 'IPFPTR12', (38974, 1883)]
[0.0094989893184854735, 'SPOUIN53', (38681, 1883)]
[0.0094384334748039977, 'PHQ242', (24641, 1883)]
[0.0093916743103169553, 'SPOUIN12', (38965, 1883)]
[0.0093886595412427942, 'RETPLN31', (13528, 1883)]
[0.0093750984410958527, 'UNINS12', (38974, 1883)]
[0.0093691385950284145, 'DSCB1153', (2312, 1883)]
[0.0093365328032766204, 'IPFPRV12', (38974, 1883)]
[0.0092517216931822244, 'OPDTCH12', (38974, 1883)]
[0.0091508796419643712, 'CHDDX', (28036, 1883)]
[0.0091153221240339866, 'IPDMCR12', (38974, 1883)]
[0.0090643419313501949, 'ADINTR42', (24713, 1883)]
[0.0090526409959628129, 'AMNSLF12', (38974, 1883)]
[0.0090151698012279624, 'OBNSLF12', (38974, 1883)]
[0.0089662158368343237, 'ADFFRM42', (15610, 1883)]
[0.0089511525390805202, 'DIABDX', (28048, 1883)]
[0.0089077773059249576, 'ADINSB42', (24527, 1883)]
[0.0089045715076262466, 'IPTMCR12', (38974, 1883)]
[0.0088957119993307021, 'DDNSCL31', (9766, 1883)]
[0.0088600549681506768, 'DDBDYS31', (36866, 1883)]
[0.0088591564522566557, 'OPDEXP12', (38974, 1883)]
[0.0087651313841822232, 'OCCCAT53', (2149, 1883)]
[0.0087632573309486261, 'JOBORG53', (1961, 1883)]
[0.0087612978243539752, 'PBINFT42', (96, 1883)]
[0.0087562983958500151, 'PRSTREMS', (273, 1883)]
[0.0087409620871270466, 'ADLHLP53', (38614, 1883)]
[0.0086022014670871227, 'BRSTEX53', (13729, 1883)]
[0.0085797928521171851, 'CALYMPH', (2283, 1883)]
[0.0085261236790913353, 'OBCPTR12', (38974, 1883)]
[0.008494409387253099, 'LEUKAGED', (38, 1883)]
[0.0084941249256439422, 'PMDLRS42', (832, 1883)]
[0.008467447476761425, 'ADOVER42', (24616, 1883)]
[0.0084651543521402361, 'FOODVL12', (7618, 1883)]
[0.008420457101403378, 'OPOPTR12', (38974, 1883)]
[0.0084058541569093093, 'AMCPTR12', (38974, 1883)]
[0.00838208931933071, 'OFFER42X', (13227, 1883)]
[0.0083332745339095293, 'OPOPRV12', (38974, 1883)]
[0.0083233570162811743, 'OBNOPR12', (38974, 1883)]
[0.0083030258634233522, 'IPFMCR12', (38974, 1883)]
[0.0082760819581149114, 'HEARAD42', (38275, 1883)]
[0.0082736701284235048, 'OBCPRV12', (38974, 1883)]
[0.0082669595913422711, 'AMNOPR12', (38974, 1883)]
[0.0082577297232931945, 'PRVDRL12', (36639, 1883)]
[0.0082201778378673263, 'SSIDIS12', (967, 1883)]
[0.008218638499912001, 'EXRCIS53', (26829, 1883)]
[0.0082022623766355718, 'RESP31', (38974, 1883)]
[0.0081566392663992016, 'PRIV12', (38687, 1883)]
[0.0081534695463734153, 'AMCPRV12', (38974, 1883)]
[0.0081436492400944749, 'HPRFE12', (37732, 1883)]
[0.0081428290837707307, 'PRVMNC31', (36073, 1883)]
[0.008134777874077681, 'PRVMNC42', (36481, 1883)]
[0.0081254224226919858, 'PRVMNC12', (36785, 1883)]
[0.0080941279429702639, 'STJBYY31', (15481, 1883)]
[0.0080785853308766864, 'ERDEXP12', (38974, 1883)]
[0.0080515995282675057, 'HPRMA12', (37833, 1883)]
[0.0080417540318797887, 'MIAGED', (888, 1883)]
[0.0080224249776716938, 'HEARDI42', (38271, 1883)]
[0.0080182621837184831, 'HPRJA12', (37649, 1883)]
[0.0080057832527787864, 'PRIV42', (38382, 1883)]
[0.0079992253475960062, 'PRINO12', (38529, 1883)]
[0.0079950678262878938, 'PRIDE12', (38602, 1883)]
[0.0079739406027330428, 'OBDTRI12', (38974, 1883)]
[0.0079685708135194266, 'HPRJU12', (38069, 1883)]
[0.0079629593242429575, 'DVGEXP12', (38974, 1883)]
[0.007962657603640122, 'HPRJL12', (38156, 1883)]
[0.0079465360156935061, 'HPRMY12', (37994, 1883)]
[0.0079438542312501026, 'PRIVAT12', (38687, 1883)]
[0.0079011089416943792, 'EMPST53', (28806, 1883)]
[0.0078813154881436365, 'PRIJL12', (38156, 1883)]
[0.007869345954564233, 'PRIMA12', (37833, 1883)]
[0.0078611946890932982, 'PRIJU12', (38069, 1883)]
[0.0078455245063538959, 'ADSPRF42', (7642, 1883)]
[0.0078210407115212321, 'OBOWCP12', (38974, 1883)]
[0.0078133955053766302, 'PRIOC12', (38431, 1883)]
[0.0078053473199961587, 'PRIVAT42', (38382, 1883)]
[0.0077990907562567324, 'ERDTCH12', (38974, 1883)]
[0.0077958611501215413, 'PRIFE12', (37732, 1883)]
[0.007754785434797018, 'PRVEV12', (38974, 1883)]
[0.0077511638385914239, 'PRIVAT53', (38689, 1883)]
[0.0077258094436691849, 'PRIAU12', (38265, 1883)]
[0.0077229336833438689, 'ADREST42', (24714, 1883)]
[0.0077145365000516053, 'HPRAU12', (38265, 1883)]
[0.0077051069137152872, 'PRIMY12', (37994, 1883)]
[0.0076965972216416212, 'PRIV53', (38689, 1883)]
[0.007692536276031281, 'HPRAP12', (37920, 1883)]
[0.0076782371323330656, 'HPRNO12', (38529, 1883)]
[0.0076637068071168102, 'PRIJA12', (37649, 1883)]
[0.0076557504608972815, 'POVLEV12', (38960, 1883)]
[0.0076552610557953926, 'PRVDRL42', (36321, 1883)]
[0.0076394139904012448, 'PRIAP12', (37920, 1883)]
[0.0076359306729839593, 'PRISE12', (38344, 1883)]
[0.0076315714253897271, 'HPROC12', (38431, 1883)]
[0.0076151312894681134, 'PRIVAT31', (37776, 1883)]
[0.0076145002570220388, 'DPOTSD12', (793, 1883)]
[0.0076073638826050782, 'HPRDE12', (38602, 1883)]
[0.0075398700126415585, 'HPRSE12', (38344, 1883)]
[0.0075126599442963959, 'ADDPRS42', (24687, 1883)]
[0.0075040541778627068, 'HELD42X', (15254, 1883)]
[0.0075010101575361254, 'TOTWCP12', (38974, 1883)]
[0.007457980682013865, 'ERFEXP12', (38974, 1883)]
[0.0074567658943525128, 'PRIV31', (37776, 1883)]
[0.007455068496998285, 'PRVDRL31', (35926, 1883)]
[0.0074541329787773947, 'CHDAGED', (1307, 1883)]
[0.0074127852097417568, 'OBAEXP12', (38974, 1883)]
[0.007411608612792997, 'IPNGTD12', (38974, 1883)]
[0.0074107806408616472, 'STRKDX', (28043, 1883)]
[0.007398837892005794, 'CHOLAGED', (7183, 1883)]
[0.0073792402283213709, 'ERDMCR12', (38974, 1883)]
[0.0073368764617497417, 'OBCSLF12', (38974, 1883)]
[0.0073295738341572214, 'AMCSLF12', (38974, 1883)]
[0.0072884369288682693, 'ADNERV42', (24767, 1883)]
[0.007267433308713489, 'HHAGD12', (38919, 1883)]
[0.0072542832179833816, 'DSEY1153', (2314, 1883)]
[0.0072286116810688084, 'AMOPTO12', (38974, 1883)]
[0.0072098872892035759, 'AMAEXP12', (38974, 1883)]
[0.0072097073837087411, 'MCS42', (24874, 1883)]
[0.0072094821402005627, 'DVGSLF12', (38974, 1883)]
[0.0071760645291547576, 'WILFIL12', (24437, 1883)]
[0.0071268955374395038, 'OBTOTH12', (38974, 1883)]
[0.0071101292623001466, 'OBDSTL12', (38974, 1883)]
[0.0070964539164833917, 'HRWG31X', (14091, 1883)]
[0.0070881504284743269, 'OPDMCR12', (38974, 1883)]
[0.0070562115440484519, 'OFFER53X', (13352, 1883)]
[0.0070443949011517182, 'PRSTAGED', (266, 1883)]
[0.0070204913793890933, 'OBOPTO12', (38974, 1883)]
[0.0069979067807284245, 'ADDOWN42', (24886, 1883)]
[0.0069877258410061538, 'DVGTCH12', (38974, 1883)]
[0.0069804970423053003, 'SEEDIF42', (38244, 1883)]
[0.0069764375211958107, 'ADHDADDX', (8708, 1883)]
[0.0069428825945891948, 'OFREMP42', (12443, 1883)]
[0.0068533870196052504, 'OPSTCH12', (38974, 1883)]
[0.0068430898809250795, 'HISPANX', (38974, 1883)]
[0.0068241655648653143, 'OPSEXP12', (38974, 1883)]
[0.0067998878547113062, 'WASMCARE', (766, 1883)]
[0.00679065274417745, 'OPOMCR12', (38974, 1883)]
[0.006759326816165756, 'AMNMCD12', (38974, 1883)]
[0.0067411639320666961, 'ERTTCH12', (38974, 1883)]
[0.0067273103999615502, 'AMTOTH12', (38974, 1883)]
[0.006719298820034969, 'AMASST12', (38974, 1883)]
[0.0066981794711841181, 'TTLP12X', (38953, 1883)]
[0.0066835833898030161, 'VISION42', (38233, 1883)]
[0.0066593201441045302, 'DSCH1353', (2312, 1883)]
[0.0066531314586176782, 'OTHMCR12', (38974, 1883)]
[0.0066450483106390568, 'NHRWG42', (1618, 1883)]
[0.0065831328579090131, 'EMPST42', (28519, 1883)]
[0.0065535453050102888, 'SCLNBD42', (1656, 1883)]
[0.0065480659087140403, 'MIDX', (28040, 1883)]
[0.0065147646748802135, 'OPSMCR12', (38974, 1883)]
[0.0064846438547631058, 'HELD53X', (15572, 1883)]
[0.0064637374369844736, 'ERTMCR12', (38974, 1883)]
[0.0064065614599899678, 'OBETCH12', (38974, 1883)]
[0.0063862998529026216, 'OFFER31X', (13504, 1883)]
[0.0063443786310937167, 'APRTRM42', (9771, 1883)]
[0.0062983661676998537, 'POVCAT12', (38974, 1883)]
[0.006285579712489775, 'DSFL1353', (2293, 1883)]
[0.0062578678628029127, 'ADCAPE42', (24881, 1883)]
[0.006196209837082467, 'PMDINS31', (37776, 1883)]
[0.0061847290304474223, 'HOMEBH42', (7845, 1883)]
[0.0061621675159974076, 'PMEDIN31', (37776, 1883)]
[0.0061281807244216724, 'PROVTY42', (28084, 1883)]
[0.0061231595931955374, 'ADL3MO42', (550, 1883)]
[0.0060999820943505867, 'PMDINS12', (38687, 1883)]
[0.0060538464178685469, 'CHSRHB42', (958, 1883)]
[0.0059825767824650544, 'SPOUID31', (37781, 1883)]
[0.0059533347580562612, 'PMEDIN42', (38382, 1883)]
[0.005944235453710367, 'PMEDIN53', (38687, 1883)]
[0.0059429507247247271, 'OFREMP53', (12613, 1883)]
[0.0059357697944959487, 'AMATCH12', (38974, 1883)]
[0.005935555315047969, 'DSEY1353', (2314, 1883)]
[0.0058726663351783559, 'SICPAY31', (13724, 1883)]
[0.0058274136220032302, 'OFREMP31', (12876, 1883)]
[0.005800039414442737, 'FAMWT12C', (38974, 1883)]
[0.0057967146301826089, 'PEGFE12', (37732, 1883)]
[0.0057879265667457602, 'SPOUID42', (38382, 1883)]
[0.0057684677508488269, 'PEGMA12', (37833, 1883)]
[0.005739435527091663, 'ERTPTR12', (38974, 1883)]
[0.0057311762532756827, 'PEGJA12', (37649, 1883)]
[0.0057256513515536733, 'ADWRTH42', (24712, 1883)]
[0.0057163679038350068, 'OBASST12', (38974, 1883)]
[0.0057041093392745656, 'OBATCH12', (38974, 1883)]
[0.0056980259557057877, 'SPOUID53', (38689, 1883)]
[0.005691902620961975, 'DDNSCL53', (10054, 1883)]
[0.0056823589702245103, 'ERTPRV12', (38974, 1883)]
[0.0056791793620547537, 'HPEFE12', (37732, 1883)]
[0.005675226086850782, 'PRVHMO12', (36623, 1883)]
[0.0056711062741096052, 'COVRYY', (704, 1883)]
[0.0056653297307867057, 'HELD31X', (14845, 1883)]
[0.0056277305586459603, 'PRVHMO42', (36299, 1883)]
[0.0056250686163443753, 'SPOUID12', (38974, 1883)]
[0.0056224782339461266, 'HPEJA12', (37649, 1883)]
[0.0056027033243393198, 'PRVHMO31', (35910, 1883)]
[0.0055922699699841871, 'HEARNG42', (38258, 1883)]
[0.0055902040579889345, 'SICPAY42', (2161, 1883)]
[0.0055734054026598256, 'HAVFUN42', (7844, 1883)]
[0.0055683464267305416, 'PRIEU31', (37776, 1883)]
[0.0055675846005117657, 'PRIEU42', (38382, 1883)]
[0.0055573329105694791, 'OPDPTR12', (38974, 1883)]
[0.0055391280879398819, 'OBTWCP12', (38974, 1883)]
[0.0055374254726243688, 'ERFTCH12', (38974, 1883)]
[0.0055310616780319677, 'AMEEXP12', (38974, 1883)]
[0.0055268090080452525, 'PEGMY12', (37994, 1883)]
[0.0055148148128405516, 'PEGAP12', (37920, 1883)]
[0.0055046424339425526, 'DSCH1153', (2313, 1883)]
[0.0055038461232977953, 'OPVMCR12', (38974, 1883)]
[0.0054990229732001517, 'OPDPRV12', (38974, 1883)]
[0.0054913091825061766, 'PEGJU12', (38069, 1883)]
[0.0054890774924648555, 'FAMWT12F', (38974, 1883)]
[0.005486938819070919, 'HPEMA12', (37833, 1883)]
[0.0054502623072110179, 'HRWG53X', (1986, 1883)]
[0.0054469332350692845, 'PREVCOVR', (4519, 1883)]
[0.00544012034241248, 'PRIEU12', (38687, 1883)]
[0.0054353717348426533, 'LANGHM42', (38222, 1883)]
[0.0054170607751123923, 'PEGJL12', (38156, 1883)]
[0.0053691646310868313, 'PEGNO12', (38529, 1883)]
[0.005356699779936358, 'PEGDE12', (38602, 1883)]
[0.0053534486823170191, 'CERVAGED', (152, 1883)]
[0.0053173538042549096, 'EVRETIRE', (7153, 1883)]
[0.0053078305245204405, 'OBTOSR12', (38974, 1883)]
[0.0053019331393185931, 'HPEMY12', (37994, 1883)]
[0.0053008334994729678, 'TOTOPR12', (38974, 1883)]
[0.0052813096599115816, 'OBEEXP12', (38974, 1883)]
[0.0052604725714442413, 'PREGNT31', (7799, 1883)]
[0.005247484010658221, 'TOTTRI12', (38974, 1883)]
[0.0052443957711794109, 'PEGOC12', (38431, 1883)]
[0.0052289691251353743, 'SCLNBD53', (2154, 1883)]
[0.0052030735501795711, 'AMAPTR12', (38974, 1883)]
[0.0051842294211219553, 'CAPROSTA', (939, 1883)]
[0.0051796108606392277, 'DVTEXP12', (38974, 1883)]
[0.0051743440289190312, 'PAYVAC42', (2171, 1883)]
[0.0051739584009856676, 'PEGAU12', (38265, 1883)]
[0.0051540197417296874, 'HPEJU12', (38069, 1883)]
[0.005153572184101507, 'DSFLNV53', (2293, 1883)]
[0.005135998365551564, 'HPEAP12', (37920, 1883)]
[0.0051031500269073105, 'PEGSE12', (38344, 1883)]
[0.0050913172312420096, 'DVTSLF12', (38974, 1883)]
[0.0050745093474033887, 'PRIEU53', (38689, 1883)]
[0.0050725898791331714, 'HPEJL12', (38156, 1883)]
[0.0050667051768497062, 'LSHLTH42', (10769, 1883)]
[0.0050649255234307411, 'ADLANG42', (25110, 1883)]
[0.0050462980156861237, 'AMAPRV12', (38974, 1883)]
[0.0050431300151667635, 'CLMHIP12', (2937, 1883)]
[0.0050264498907371946, 'PMUNRS42', (703, 1883)]
[0.0050119538451418588, 'PAYDR42', (2134, 1883)]
[0.0049913040973976752, 'KIDPRO42', (7844, 1883)]
[0.0049539999323257033, 'ADRISK42', (24510, 1883)]
[0.0049130943919161174, 'TOTOSR12', (38974, 1883)]
[0.0049109482576654706, 'OPPTCH12', (38974, 1883)]
[0.0048986315427649307, 'NHRWG53', (1737, 1883)]
[0.0048839508701602474, 'AMTOSR12', (38974, 1883)]
[0.0048654931126654866, 'HPEAU12', (38265, 1883)]
[0.0048403690035999647, 'ERFPTR12', (38974, 1883)]
[0.0047930486328563449, 'ERFPRV12', (38974, 1883)]
[0.0047764509515141329, 'HPENO12', (38529, 1883)]
[0.0047712850565718723, 'HPEOC12', (38431, 1883)]
[0.0047708020361192371, 'ASATAK53', (3661, 1883)]
[0.0047670479065857752, 'SAQELIG', (38974, 1883)]
[0.0047559139612713963, 'OBAPTR12', (38974, 1883)]
[0.0047362696369818158, 'PAYDR31', (13547, 1883)]
[0.0047299891964344143, 'DSEYNV53', (2314, 1883)]
[0.004720564849128861, 'EMPST31', (27907, 1883)]
[0.0047196366079080843, 'DEDUCT12', (4895, 1883)]
[0.0047180341312339502, 'HPESE12', (38344, 1883)]
[0.0047143427403789628, 'AMETCH12', (38974, 1883)]
[0.0047045155171470121, 'HPEDE12', (38602, 1883)]
[0.0046653994032184176, 'CLMDEP12', (15510, 1883)]
[0.0046509914351861026, 'DSFL1253', (2293, 1883)]
[0.0046187147498297776, 'DVTTCH12', (38974, 1883)]
[0.0045973676276309661, 'OBAPRV12', (38974, 1883)]
[0.0045508999777831294, 'MDDLAY42', (38160, 1883)]
[0.0045257239423895923, 'LKINFT42', (827, 1883)]
[0.0044914107183285923, 'CACERVIX', (1344, 1883)]
[0.0044701942584887133, 'JOBORG31', (14084, 1883)]
[0.0044619617577122961, 'DSCH1253', (2313, 1883)]
[0.004439889997143287, 'IPTMCD12', (38974, 1883)]
[0.0044289828818903088, 'OPSPTR12', (38974, 1883)]
[0.0044225196992390137, 'WHNBPR42', (6528, 1883)]
[0.0044223646573640085, 'ADHOPE42', (24738, 1883)]
[0.0043945255720875265, 'RFREL42X', (38382, 1883)]
[0.0043934640610754361, 'OPSPRV12', (38974, 1883)]
[0.0043617503604311825, 'PUB12X', (38687, 1883)]
[0.0043514734230457597, 'ANGIDX', (28035, 1883)]
[0.0043365636211911696, 'CHLIHB42', (509, 1883)]
[0.004327249903835706, 'RFREL12X', (38974, 1883)]
[0.0043246637262466248, 'PUBDE12X', (38602, 1883)]
[0.0043241213345994733, 'PUBJU12X', (38069, 1883)]
[0.0043108992265695756, 'PUB42X', (38382, 1883)]
[0.0043081363664109196, 'PUBOC12X', (38431, 1883)]
[0.004306446437136402, 'WHNHGT42', (9814, 1883)]
[0.0042984623288380153, 'RFREL31X', (37781, 1883)]
[0.004288672987761144, 'RFREL53X', (38689, 1883)]
[0.0042728886121347065, 'PUBAU12X', (38265, 1883)]
[0.0042699600292821493, 'IPFMCD12', (38974, 1883)]
[0.0042665608966576674, 'PUBJL12X', (38156, 1883)]
[0.0042648740958052267, 'PUBNO12X', (38529, 1883)]
[0.004262921857178692, 'DSCNPC53', (1856, 1883)]
[0.0042562193877926369, 'INSURC12', (38974, 1883)]
[0.0042559641054366049, 'PUBAT12X', (38687, 1883)]
[0.0042556960999087234, 'PUBAT53X', (38689, 1883)]
[0.0042517668159024469, 'PUB53X', (38689, 1883)]
[0.004199279883596807, 'ASPKFL53', (3634, 1883)]
[0.0041982851895103757, 'PUBSE12X', (38344, 1883)]
[0.0041843424835483756, 'OBOSTL12', (38974, 1883)]
[0.0041735636709921975, 'PMEDUP53', (14941, 1883)]
[0.0041549925725723469, 'EDUYRDEG', (20218, 1883)]
[0.0041431715919016954, 'ERFMCR12', (38974, 1883)]
[0.0041371366907017038, 'CALEUKEM', (2283, 1883)]
[0.0041017337379213314, 'UNION31', (15640, 1883)]
[0.0040916861857527298, 'PUBMY12X', (37994, 1883)]
[0.0040771669387864584, 'VISSLF12', (38974, 1883)]
[0.004066390750789739, 'STJBDD42', (1470, 1883)]
[0.0040511960893288013, 'WHNWGT42', (10129, 1883)]
[0.0040447886439306524, 'PUBAT42X', (38382, 1883)]
[0.0039957504384712239, 'RETPLN42', (2146, 1883)]
[0.0039793547261656181, 'PUBAP12X', (37920, 1883)]
[0.0039760646467630334, 'OTHTCH12', (38974, 1883)]
[0.0039544008912716366, 'DSPRX53', (2348, 1883)]
[0.0039419138331403536, 'CHOIC42', (645, 1883)]
[0.0039327163216094085, 'AMTWCP12', (38974, 1883)]
[0.0039255874780408373, 'PUBMA12X', (37833, 1883)]
[0.0039215423138057037, 'DSEB1153', (2314, 1883)]
[0.0038832082193874795, 'OPPEXP12', (38974, 1883)]
[0.0038613162302751913, 'TOTVA12', (38974, 1883)]
[0.0038571300098503292, 'HHINFD12', (38960, 1883)]
[0.0038260354531358676, 'PHYEXE53', (27316, 1883)]
[0.0038232544172603911, 'HHATCH12', (38974, 1883)]
[0.0038125854225212752, 'SGMTST53', (14836, 1883)]
[0.0038049086297828882, 'OPOSLF12', (38974, 1883)]
[0.003779893987038152, 'PMDLAY42', (38131, 1883)]
[0.0037722831617157393, 'PUBFE12X', (37732, 1883)]
[0.003749559416930448, 'MESBPR42', (9197, 1883)]
[0.0036690350867411015, 'PMEDUP42', (15116, 1883)]
[0.0036644016467540785, 'PUBJA12X', (37649, 1883)]
[0.0036455548335331267, 'HLTHLF42', (10770, 1883)]
[0.0036373666356839252, 'ASPREV53', (3611, 1883)]
[0.0036369520118162413, 'RETPLN53', (1890, 1883)]
[0.0036332295069635423, 'HSELIM31', (2394, 1883)]
[0.0035900275203514243, 'DVGPRV12', (38974, 1883)]
[0.0035892086710328508, 'DVGPTR12', (38974, 1883)]
[0.0035732079694543728, 'CHPMHB42', (1819, 1883)]
[0.0035678214937878705, 'PUB31X', (37776, 1883)]
[0.0035545677782445884, 'OBCOTH12', (38974, 1883)]
[0.0035545294566626806, 'AMCOTH12', (38974, 1883)]
[0.0035539797961846586, 'OPTSLF12', (38974, 1883)]
[0.0034783258482478097, 'PUBAT31X', (37776, 1883)]
[0.0034677117800926416, 'ENGCMF42', (38179, 1883)]
[0.003448683823037757, 'AMEPTR12', (38974, 1883)]
[0.0033771612185717892, 'CHTHHB42', (545, 1883)]
[0.0033582462470616026, 'ADSAD42', (24740, 1883)]
[0.0033553334073588292, 'STRKAGED', (924, 1883)]
[0.0033495226560613656, 'VISEXP12', (38974, 1883)]
[0.0033416781542882079, 'HHAEXP12', (38974, 1883)]
[0.0033223276747503805, 'LSTETH53', (27474, 1883)]
[0.0033147963914373912, 'HOUR53', (2094, 1883)]
[0.0032660854598326461, 'ERDMCD12', (38974, 1883)]
[0.0032495190709395105, 'EICRDT12', (5962, 1883)]
[0.003201430927428861, 'TRBLE42', (7844, 1883)]
[0.0031893904844317866, 'GOTOUS42', (28068, 1883)]
[0.0031405961771835411, 'TIMALN42', (3431, 1883)]
[0.0031379252192555995, 'AMTOTC12', (38974, 1883)]
[0.0031317781919535381, 'SICEAS42', (10772, 1883)]
[0.0031138277277810156, 'DSFT1153', (2285, 1883)]
[0.0031128677244001146, 'OTHEXP12', (38974, 1883)]
[0.0031040559236067411, 'PAYVAC31', (13822, 1883)]
[0.003103366678541386, 'ASACUT53', (3626, 1883)]
[0.003098283511616895, 'CHPMCN42', (1662, 1883)]
[0.0030900148287335005, 'CABREAST', (2283, 1883)]
[0.0030824507576653337, 'OPFSLF12', (38974, 1883)]
[0.0030726238013805141, 'IADL3M53', (936, 1883)]
[0.0030711493192866479, 'IRASP12X', (38974, 1883)]
[0.0030461136853616733, 'OBEPTR12', (38974, 1883)]
[0.0030439046814570991, 'VISTCH12', (38974, 1883)]
[0.0030432419734036653, 'LANGPR42', (1639, 1883)]
[0.0030416880691436221, 'RECPEP42', (330, 1883)]
[0.0030337111134748351, 'CHBRON31', (27042, 1883)]
[0.0030120023436757126, 'VETSP12X', (38974, 1883)]
[0.003007115801511917, 'CHOIC53', (562, 1883)]
[0.0029988336551941552, 'ERDPTR12', (38974, 1883)]
[0.0029732795027538339, 'STJBYY53', (2059, 1883)]
[0.0029672677837635497, 'OBCOSR12', (38974, 1883)]
[0.0029672677837635497, 'AMCOSR12', (38974, 1883)]
[0.0029668336161945419, 'ERDPRV12', (38974, 1883)]
[0.0029496539166875557, 'OBNVA12', (38974, 1883)]
[0.0029450801912976887, 'AMNVA12', (38974, 1883)]
[0.0029313947624953762, 'OCCCAT31', (16062, 1883)]
[0.0029291231359193093, 'OPOMCD12', (38974, 1883)]
[0.002925947840999199, 'CALUNG', (2283, 1883)]
[0.0029220483378917805, 'AMEPRV12', (38974, 1883)]
[0.0028767534931770644, 'ADRTWW42', (13995, 1883)]
[0.0028615121712380898, 'ADILWW42', (6608, 1883)]
[0.0028600250063822719, 'ANGIAGED', (567, 1883)]
[0.0028465165846203178, 'AMTVA12', (38974, 1883)]
[0.002837888315900261, 'OBTVA12', (38974, 1883)]
[0.0028323140756351117, 'HRHOW42', (2305, 1883)]
[0.002806121423815644, 'PRDRNP12', (4361, 1883)]
[0.002800496006622244, 'PMEDUP31', (13692, 1883)]
[0.0027323664176036599, 'SEX', (38974, 1883)]
[0.0025964568773075847, 'DSINSU53', (2326, 1883)]
[0.0025844555404520575, 'STNDIF53', (2993, 1883)]
[0.0025821434359650786, 'DSCPCP53', (1856, 1883)]
[0.0025734192704300884, 'USBORN42', (38130, 1883)]
[0.0025630983537453522, 'PMNCNP42', (1741, 1883)]
[0.0025457290966489632, 'OBEPRV12', (38974, 1883)]
[0.002535254748492255, 'OBETRI12', (38974, 1883)]
[0.002535254748492255, 'AMETRI12', (38974, 1883)]
[0.0025266436719669771, 'CHLICO42', (456, 1883)]
[0.0025227485787405746, 'IPDMCD12', (38974, 1883)]
[0.0024262315024434766, 'DSFT1353', (2285, 1883)]
[0.0024077921668897995, 'SKNMAGED', (339, 1883)]
[0.0024023848245964263, 'SAFEST42', (2850, 1883)]
[0.0023994292224810421, 'TYPEPE42', (11712, 1883)]
[0.002344676197991391, 'OPOOPR12', (38974, 1883)]
[0.0023334645014378985, 'DENTIN31', (37776, 1883)]
[0.0023323848622494037, 'SSIP12X', (38974, 1883)]
[0.0023116937621640021, 'MCDHMO31', (37225, 1883)]
[0.0023053375851231905, 'PHMONP31', (4763, 1883)]
[0.0023033908128405889, 'HHAPRV12', (38974, 1883)]
[0.0023033908128405889, 'HHAPTR12', (38974, 1883)]
[0.0023029202176115815, 'DENTIN42', (38382, 1883)]
[0.0022993741862639139, 'ASTHDX', (38875, 1883)]
[0.002290149552127918, 'AMAMCR12', (38974, 1883)]
[0.0022677838266600414, 'DNTINS12', (38687, 1883)]
[0.002265709426623963, 'OCCCAT42', (2498, 1883)]
[0.0022641091122681534, 'PMNCNP12', (1675, 1883)]
[0.0022568602611396926, 'AMEMCR12', (38974, 1883)]
[0.0022422323534333488, 'MCDHMO12', (38053, 1883)]
[0.0022378396459123984, 'DNTINS31', (37776, 1883)]
[0.0022263878349987332, 'FSAAMT31', (2298, 1883)]
[0.0022258756947890479, 'OBEMCR12', (38974, 1883)]
[0.0021987775140369648, 'DIFFPL42', (9181, 1883)]
[0.002194803538476009, 'OPPPTR12', (38974, 1883)]
[0.0021884753707351878, 'WCMPP12X', (38974, 1883)]
[0.0021884630529017679, 'OBAMCR12', (38974, 1883)]
[0.0021880309468115255, 'DSCGRP53', (1856, 1883)]
[0.0021614139080441408, 'AMNOSR12', (38974, 1883)]
[0.0021603667778063995, 'DENTIN53', (38687, 1883)]
[0.0021603261010035846, 'OBNOSR12', (38974, 1883)]
[0.0021480242257441162, 'BPMLDX', (8760, 1883)]
[0.002147207812121521, 'OPPPRV12', (38974, 1883)]
[0.0021311799487863103, 'CHBRON53', (27628, 1883)]
[0.0021291114689770962, 'RTPLNT42', (809, 1883)]
[0.0021272087781238902, 'ERTMCD12', (38974, 1883)]
[0.002101458453752536, 'DIVDP12X', (38974, 1883)]
[0.0020998259754211324, 'HIDEG', (18324, 1883)]
[0.0020941492355703861, 'BMINDX53', (27041, 1883)]
[0.0020920347664229455, 'INDCAT53', (2149, 1883)]
[0.0020918916481035277, 'MCDHMO42', (37760, 1883)]
[0.0020861716812465847, 'OBTOPR12', (38974, 1883)]
[0.0020760066181165771, 'OPFOPR12', (38974, 1883)]
[0.0020512466968850562, 'DSFT1253', (2285, 1883)]
[0.0020488064714865306, 'PPRWKT42', (822, 1883)]
[0.0020425561437590334, 'AMTOPR12', (38974, 1883)]
[0.0020394974472438543, 'PMEDPY53', (12519, 1883)]
[0.0020093256205251375, 'OBCWCP12', (38974, 1883)]
[0.0020093256205251375, 'AMCWCP12', (38974, 1883)]
[0.0019982597827532533, 'READNW42', (1548, 1883)]
[0.0019932318274620275, 'ADEGMC42', (11097, 1883)]
[0.0019893718566930119, 'PRDRNP31', (4224, 1883)]
[0.0019633700236706408, 'LFTDIF53', (3000, 1883)]
[0.0019564482875493727, 'FOODST12', (38592, 1883)]
[0.0019529601225349857, 'NWK53', (6197, 1883)]
[0.0019528596020533806, 'MCDEV12', (38974, 1883)]
[0.0019483596909158907, 'HSELIM53', (2643, 1883)]
[0.0019479420683248261, 'PMEDPY42', (12480, 1883)]
[0.0019447561040104588, 'HSPLAP42', (11417, 1883)]
[0.0019365863019045193, 'DSFB1153', (2285, 1883)]
[0.0019361727217604985, 'OPPMCR12', (38974, 1883)]
[0.0019232115133601679, 'OBVOPU12', (38974, 1883)]
[0.0019151542942266175, 'AMDRC12', (38974, 1883)]
[0.0018859803938090502, 'HEARSM42', (125, 1883)]
[0.0018787841594363197, 'MESHGT42', (10603, 1883)]
[0.0018775969233778556, 'FNGRDF31', (2875, 1883)]
[0.0018748021651576741, 'DVTPRV12', (38974, 1883)]
[0.0018724355392307768, 'DVTPTR12', (38974, 1883)]
[0.0018685389032209176, 'ADTLHW42', (11866, 1883)]
[0.0018674242265693808, 'YCHJ3142', (1976, 1883)]
[0.0018489075410760281, 'NOINSTM', (472, 1883)]
[0.001841473261143256, 'SCHLBH42', (7836, 1883)]
[0.0018409571610701336, 'DIFFWG42', (11989, 1883)]
[0.0018337303700958207, 'PRDRNP42', (4418, 1883)]
[0.0018135854908328808, 'MCDJA12', (37649, 1883)]
[0.0018051974479356137, 'MCAID53', (38689, 1883)]
[0.0017807909758543738, 'MCAID31', (37776, 1883)]
[0.0017796143015834653, 'CHSRCN42', (835, 1883)]
[0.0017770748845608031, 'IPZERO12', (38974, 1883)]
[0.0017696636279703748, 'COVRMM', (648, 1883)]
[0.0017658340524736582, 'HPNDE12', (38602, 1883)]
[0.0017598693222281581, 'PHMONP42', (5044, 1883)]
[0.0017464261850445029, 'HPNNO12', (38529, 1883)]
[0.0017457890172034585, 'MCDFE12', (37732, 1883)]
[0.0017414150287863306, 'MCDAT31X', (37776, 1883)]
[0.0017405359678088761, 'MCDJA12X', (37649, 1883)]
[0.0017403135039213424, 'MELAREMS', (137, 1883)]
[0.0017391814999889732, 'FAMINC12', (38960, 1883)]
[0.0017314347709641575, 'OPVSLF12', (38974, 1883)]
[0.0017262192886099426, 'MCAID53X', (38689, 1883)]
[0.0017124772270340483, 'AMESLF12', (38974, 1883)]
[0.0017116479756640324, 'MCDNO12', (38529, 1883)]
[0.0017019381155136681, 'CARECO42', (9181, 1883)]
[0.0017008437982440894, 'MCAID31X', (37776, 1883)]
[0.0016986092533470831, 'WASOTHER', (766, 1883)]
[0.0016938403403075064, 'HPNOC12', (38431, 1883)]
[0.0016931924501424334, 'MCDDE12', (38602, 1883)]
[0.0016907107304238167, 'MCDSE12', (38344, 1883)]
[0.0016900666728588698, 'OBESLF12', (38974, 1883)]
[0.0016858821004688274, 'INTRP12X', (38974, 1883)]
[0.0016805982687133625, 'MCDOC12', (38431, 1883)]
[0.0016771947878236881, 'MCAID12', (38687, 1883)]
[0.0016751170852234987, 'HPNJL12', (38156, 1883)]
[0.0016708913199249276, 'MCDAT53X', (38689, 1883)]
[0.0016684592671682985, 'MCDFE12X', (37732, 1883)]
[0.0016636647069374622, 'MORE31', (13656, 1883)]
[0.0016585597073008884, 'ADHDAGED', (842, 1883)]
[0.001652620192791332, 'PBPWKM42', (1602, 1883)]
[0.0016518774537288561, 'CHEMPB42', (651, 1883)]
[0.0016444021224019112, 'HPNSE12', (38344, 1883)]
[0.0016413146918964339, 'HPNAU12', (38265, 1883)]
[0.0016407699057311431, 'MCDNO12X', (38529, 1883)]
[0.0016369256526947984, 'MCDAT12X', (38687, 1883)]
[0.0016364081016586596, 'MCDSE12X', (38344, 1883)]
[0.0016360542899752639, 'WHITPR42', (11295, 1883)]
[0.0016342559102515697, 'NUMEMP31', (14405, 1883)]
[0.0016334491631697645, 'MCDAU12', (38265, 1883)]
[0.0016302155365497395, 'OPOOTH12', (38974, 1883)]
[0.0016217519261386704, 'MCDDE12X', (38602, 1883)]
[0.0016184809056669636, 'WHNSMK42', (5271, 1883)]
[0.001610779301488896, 'MCDOC12X', (38431, 1883)]
[0.0016079508217191618, 'MCDAP12', (37920, 1883)]
[0.0016028259120015598, 'STPDIF53', (2994, 1883)]
[0.0016000882877832412, 'MCAID12X', (38687, 1883)]
[0.0015925509702812146, 'MCDMA12', (37833, 1883)]
[0.0015886515212880647, 'HIBPAGED', (8317, 1883)]
[0.0015703867066004795, 'OPTOPR12', (38974, 1883)]
[0.0015659440191841956, 'WHNEAT42', (5728, 1883)]
[0.0015496793777017848, 'MCDAU12X', (38265, 1883)]
[0.0015445556248498971, 'OBDOPU12', (38974, 1883)]
[0.0015434760546715331, 'MCDMC31', (37338, 1883)]
[0.0015397303593004397, 'MCDMC12', (38193, 1883)]
[0.0015347906521623322, 'RCHDIF31', (2870, 1883)]
[0.0015346947377619102, 'COLOAGED', (122, 1883)]
[0.0015253795034890771, 'MCDMY12', (37994, 1883)]
[0.001524380878119902, 'MCDAP12X', (37920, 1883)]
[0.0015241405485832971, 'DIABAGED', (2640, 1883)]
[0.0015233100835945201, 'FSAGT31', (36720, 1883)]
[0.0015213707695819201, 'RACEWX', (38974, 1883)]
[0.001520289921686957, 'TOTOTH12', (38974, 1883)]
[0.0015169337157682206, 'MCDJL12', (38156, 1883)]
[0.0015014364473729946, 'MCDAT42X', (38382, 1883)]
[0.0014991001675144222, 'RXTRI12', (38974, 1883)]
[0.001495658153217283, 'HRWG42X', (2293, 1883)]
[0.0014928966956067047, 'DSDIET53', (2319, 1883)]
[0.0014921899948938666, 'TRILI12X', (38619, 1883)]
[0.0014917179515610002, 'ERFMCD12', (38974, 1883)]
[0.0014812154369364672, 'HPNJU12', (38069, 1883)]
[0.0014796059675685758, 'AFDC12', (365, 1883)]
[0.0014715092033148469, 'MCDMA12X', (37833, 1883)]
[0.0014669821409214467, 'MCDMY12X', (37994, 1883)]
[0.0014650381124541312, 'PHMONP12', (5003, 1883)]
[0.0014582076236697716, 'EATHLT42', (9489, 1883)]
[0.0014541404487871112, 'MCDJL12X', (38156, 1883)]
[0.0014539602783623096, 'AMTTRI12', (38974, 1883)]
[0.001448184707318223, 'PRING12', (38687, 1883)]
[0.0014477902135194842, 'MCAID42', (38382, 1883)]
[0.0014448340678268057, 'MCDJU12', (38069, 1883)]
[0.0014429176166620428, 'HPNMA12', (37833, 1883)]
[0.0014403850315398703, 'OBTTRI12', (38974, 1883)]
[0.0014360476458324944, 'RNDFLG31', (16062, 1883)]
[0.0014300080901502588, 'YNOUSC42', (9181, 1883)]
[0.0014241277614862602, 'HPNFE12', (37732, 1883)]
[0.0014127532747104654, 'LAPBLT42', (4515, 1883)]
[0.0014029228431287066, 'MILDIF53', (2986, 1883)]
[0.0013992751591347385, 'PMNCNP31', (1690, 1883)]
[0.0013981829486938713, 'HPOJU12', (38069, 1883)]
[0.0013955490174365481, 'HPNAP12', (37920, 1883)]
[0.0013933269656001279, 'PNGDE12', (38602, 1883)]
[0.0013891687850918766, 'HHAMCD12', (38974, 1883)]
[0.0013886104467373261, 'MCAID42X', (38382, 1883)]
[0.001386219612591999, 'MCDJU12X', (38069, 1883)]
[0.0013832450442832211, 'PNGNO12', (38529, 1883)]
[0.0013822863993536716, 'GDCPBT42', (819, 1883)]
[0.0013762405638527708, 'HPNMY12', (37994, 1883)]
[0.0013689586891904026, 'PRING53', (38689, 1883)]
[0.001363122415703355, 'MCDMC42', (37903, 1883)]
[0.0013604586179711831, 'NWK42', (6030, 1883)]
[0.0013555799104000288, 'CABRAIN', (2283, 1883)]
[0.0013345217855544877, 'HASFSA31', (2000, 1883)]
[0.0013326398971166276, 'APRDLM42', (1027, 1883)]
[0.0013218740270685148, 'HPNJA12', (37649, 1883)]
[0.0013210465871570376, 'PNGJL12', (38156, 1883)]
[0.0013185446804643286, 'PNGAU12', (38265, 1883)]
[0.0013130242424567173, 'HPOJL12', (38156, 1883)]
[0.001310395540991105, 'PNGOC12', (38431, 1883)]
[0.0013075801751779581, 'PRING42', (38382, 1883)]
[0.0013059578134266836, 'POGJU12', (38069, 1883)]
[0.0012970085625140237, 'PMEDPY31', (11334, 1883)]
[0.0012897914463814164, 'PNGSE12', (38344, 1883)]
[0.0012877997213484038, 'SKDKREMS', (235, 1883)]
[0.0012769239056398263, 'STJBYY42', (2412, 1883)]
[0.0012569437933709349, 'HHAMCR12', (38974, 1883)]
[0.0012563344236866669, 'OFFHOU42', (25413, 1883)]
[0.0012530737542205683, 'MESWGT42', (10627, 1883)]
[0.0012417772960563456, 'TRICH12X', (38617, 1883)]
[0.001236105396371201, 'NOHINS42', (9181, 1883)]
[0.0012360844112606628, 'POGJL12', (38156, 1883)]
[0.0012307781824272279, 'TRILI31X', (37722, 1883)]
[0.0012270955781600312, 'HPOAU12', (38265, 1883)]
[0.0012270246371460791, 'TRILI42X', (38317, 1883)]
[0.0012261116855277754, 'CSTSVM42', (9810, 1883)]
[0.0012252056358665886, 'HPOSE12', (38344, 1883)]
[0.001215147441663067, 'HPOOC12', (38431, 1883)]
[0.0012150431320914201, 'HPONO12', (38529, 1883)]
[0.0012091692656518438, 'FNGRDF53', (2998, 1883)]
[0.0012083653886093559, 'HPODE12', (38602, 1883)]
[0.0011995640647940453, 'WHNPHY42', (4145, 1883)]
[0.001193490954048082, 'NWK31', (6167, 1883)]
[0.0011745531597359138, 'PNGJU12', (38069, 1883)]
[0.0011567893962388665, 'TEMPJB42', (16363, 1883)]
[0.0011540215995746728, 'IADL3M42', (917, 1883)]
[0.0011504404262253631, 'PNGMA12', (37833, 1883)]
[0.0011501276925881543, 'PRIOG53', (38689, 1883)]
[0.0011498646313820027, 'EMPHDX', (28043, 1883)]
[0.0011463863064217206, 'STASE12', (38344, 1883)]
[0.0011430684964615079, 'PRIOG12', (38687, 1883)]
[0.0011427626375597466, 'POGSE12', (38344, 1883)]
[0.0011374464117589467, 'HPOMY12', (37994, 1883)]
[0.0011212059632165206, 'PRIOG42', (38382, 1883)]
[0.0011202382608676009, 'POGAU12', (38265, 1883)]
[0.0011154903873750177, 'POGOC12', (38431, 1883)]
[0.0011153324730820424, 'POGNO12', (38529, 1883)]
[0.001114341043840672, 'HRHOW31', (14254, 1883)]
[0.0011138941522671475, 'PNGAP12', (37920, 1883)]
[0.0011129766567167243, 'OPDSLF12', (38974, 1883)]
[0.001112211422482301, 'STAJU12', (38069, 1883)]
[0.0011112427671203795, 'RXMCD12', (38974, 1883)]
[0.0011109364724974924, 'DSFTNV53', (2285, 1883)]
[0.0011101493612527547, 'POGDE12', (38602, 1883)]
[0.0011060566577776321, 'TRISE12X', (38344, 1883)]
[0.0011020534241873436, 'PNGMY12', (37994, 1883)]
[0.0011012794348123078, 'PNGFE12', (37732, 1883)]
[0.0011009644298380916, 'KEYNESS', (38974, 1883)]
[0.0011001564745980463, 'PAPSMR53', (13681, 1883)]
[0.0010937073313970203, 'TRIDE12X', (38602, 1883)]
[0.0010870634440209859, 'TRICR12X', (38687, 1883)]
[0.0010867917915959868, 'TRIOC12X', (38431, 1883)]
[0.0010832902547914802, 'TRIEX12X', (38617, 1883)]
[0.0010801742336957743, 'TRIAT12X', (38687, 1883)]
[0.0010762642238777431, 'TRIAT53X', (38689, 1883)]
[0.0010733896904956408, 'PNGJA12', (37649, 1883)]
[0.0010729438206422692, 'TRINO12X', (38529, 1883)]
[0.0010722348186595898, 'TRICR53X', (38689, 1883)]
[0.0010702276320241344, 'PRING31', (37776, 1883)]
[0.0010690081406599106, 'WASOTGOV', (766, 1883)]
[0.0010687009366804334, 'CHHECR42', (7921, 1883)]
[0.0010681287496854264, 'BENDIF53', (2998, 1883)]
[0.0010679870054607354, 'POGMY12', (37994, 1883)]
[0.001067537460468948, 'STAJL12', (38156, 1883)]
[0.0010650696497428447, 'NOREAS42', (9181, 1883)]
[0.0010542892103889701, 'SSCIMP12', (38974, 1883)]
[0.001050704094836874, 'OPFMCD12', (38974, 1883)]
[0.0010486485513162558, 'JOBORG42', (2257, 1883)]
[0.001044211666953232, 'OTHPRV12', (38974, 1883)]
[0.0010368933132469671, 'OTHPTR12', (38974, 1883)]
[0.0010334753639500427, 'STAPR42', (38382, 1883)]
[0.0010292266237457159, 'STPRAT42', (38382, 1883)]
[0.0010233864008162286, 'HPOAP12', (37920, 1883)]
[0.0010121911925150551, 'DENTCK53', (37497, 1883)]
[0.0010072987810597622, 'INTIMP12', (38974, 1883)]
[0.0010062272071796885, 'PHNREG42', (27188, 1883)]
[0.00099353589628881078, 'MESVIS42', (2452, 1883)]
[0.00098933826220315435, 'STAAU12', (38265, 1883)]
[0.00098545720037590545, 'PPRWKM42', (9792, 1883)]
[0.0009852129013036004, 'OPTMCD12', (38974, 1883)]
[0.00097487139178686899, 'ELGRND31', (38974, 1883)]
[0.00097359407564856504, 'TRIAU12X', (38265, 1883)]
[0.00097207694127698918, 'TRIJU12X', (38069, 1883)]
[0.00097180492750637004, 'ASMRCN53', (1782, 1883)]
[0.00097118030447440606, 'POGAP12', (37920, 1883)]
[0.0009693000648275385, 'ADL3MO53', (569, 1883)]
[0.00096487590835603321, 'BSNTY53', (141, 1883)]
[0.00096417794274872293, 'YNOINS31', (1041, 1883)]
[0.0009599074841089017, 'HOUR42', (2410, 1883)]
[0.0009475636529610032, 'INSCOP31', (38974, 1883)]
[0.00094202269181853371, 'BRAIREMS', (20, 1883)]
[0.00093636542954178559, 'TRIJL12X', (38156, 1883)]
[0.00093210173760782666, 'HELMET42', (9438, 1883)]
[0.00093032935868975208, 'OTHNDD42', (1241, 1883)]
[0.00092774729607336681, 'TRIMY12X', (37994, 1883)]
[0.00092129482722635991, 'BEGRFM42', (38363, 1883)]
[0.00092078246232929484, 'WHNLAP42', (1870, 1883)]
[0.00091942202832984155, 'PLCTYP42', (21577, 1883)]
[0.00091730023640468339, 'HPOMA12', (37833, 1883)]
[0.0009084862919362946, 'OBASLF12', (38974, 1883)]
[0.00090409989632411758, 'CHILWW42', (1837, 1883)]
[0.00090404784027020568, 'OBVOFD12', (38974, 1883)]
[0.00090176053142032586, 'NEVILL42', (10771, 1883)]
[0.00090149715571508082, 'LOCATN42', (28053, 1883)]
[0.00090139572342085028, 'OTHRP12X', (38974, 1883)]
[0.00090101648753138086, 'DSCINT53', (1856, 1883)]
[0.00090100462077624677, 'VISPTR12', (38974, 1883)]
[0.00090085672049167176, 'TRIFE12X', (37732, 1883)]
[0.00089855404022032292, 'VISPRV12', (38974, 1883)]
[0.00089750359006646185, 'TRIMA12X', (37833, 1883)]
[0.00089732064636882658, 'HPOJA12', (37649, 1883)]
[0.00089630232254611641, 'DIVIMP12', (38974, 1883)]
[0.00089552087962008198, 'TRIAP12X', (37920, 1883)]
[0.00089182485376548826, 'ZIFTCH12', (38974, 1883)]
[0.00089043412139533373, 'TRIEV12', (38974, 1883)]
[0.00088621286826573442, 'TRICR42X', (38382, 1883)]
[0.00088404899838723239, 'ARTHAGED', (5811, 1883)]
[0.00088337492248824478, 'WLKDIF53', (2992, 1883)]
[0.00088269227345305623, 'POGMA12', (37833, 1883)]
[0.00088235629933364201, 'OPSSLF12', (38974, 1883)]
[0.0008810333129192216, 'OTHSLF12', (38974, 1883)]
[0.00088085062986464902, 'OBDOFD12', (38974, 1883)]
[0.0008760576099018369, 'TRIEX42X', (38317, 1883)]
[0.00087551547840192256, 'ASDALY53', (1194, 1883)]
[0.00087132112760901492, 'SGMTRE53', (1001, 1883)]
[0.00087021928390340619, 'TRIJA12X', (37649, 1883)]
[0.00086275872755192662, 'TRIAT42X', (38382, 1883)]
[0.00086196762459034293, 'AMASLF12', (38974, 1883)]
[0.00085425408397243885, 'TRICH42X', (38317, 1883)]
[0.00085184037465835249, 'POGJA12', (37649, 1883)]
[0.00084882086504589616, 'RACEBX', (38974, 1883)]
[0.00083433769891450016, 'RCHDIF53', (2994, 1883)]
[0.00083409252651855947, 'HPOFE12', (37732, 1883)]
[0.0008321402273633316, 'DSCHNV53', (2313, 1883)]
[0.00082468547947667226, 'BEGRFM53', (38671, 1883)]
[0.00081914465088939181, 'LFTDIF31', (2873, 1883)]
[0.00081516592817731937, 'RXOPR12', (38974, 1883)]
[0.00081279442565362903, 'ARTHTYPE', (6213, 1883)]
[0.00080967365706030581, 'MORE53', (1861, 1883)]
[0.00080958170448675038, 'MDUNPR42', (983, 1883)]
[0.00080658120824828039, 'PRIOG31', (37776, 1883)]
[0.0007955642846314559, 'POGFE12', (37732, 1883)]
[0.00079502618093940658, 'OPFOTH12', (38974, 1883)]
[0.00079290443289092849, 'DEAF42', (1580, 1883)]
[0.00079271818864301569, 'TRICR31X', (37776, 1883)]
[0.00078875717470205942, 'PBINFM42', (673, 1883)]
[0.00078202014450334811, 'OPTOTH12', (38974, 1883)]
[0.00077633286165901261, 'WHNSAF42', (1857, 1883)]
[0.00077600628961937979, 'WAGEP12X', (38974, 1883)]
[0.00077443418449696377, 'RXWCP12', (38974, 1883)]
[0.0007735131173169929, 'ADHECR42', (15781, 1883)]
[0.0007715220439681314, 'TRIAT31X', (37776, 1883)]
[0.00075663387010138639, 'STAMY12', (37994, 1883)]
[0.00075169796417795531, 'BENDIF31', (2873, 1883)]
[0.00072944839494859526, 'PHYSCL42', (9470, 1883)]
[0.00072886981307951348, 'IPTTRI12', (38974, 1883)]
[0.00072885271141176489, 'INDCAT31', (16062, 1883)]
[0.00072728822074297206, 'STAMA12', (37833, 1883)]
[0.00072474637092734273, 'HRHOW53', (1995, 1883)]
[0.00072362115876856148, 'DSA1C53', (1488, 1883)]
[0.00071405653723222162, 'RTPLNM42', (9684, 1883)]
[0.00071363694798798338, 'STAAP12', (37920, 1883)]
[0.00071243304098600468, 'PID', (38974, 1883)]
[0.00070884159290374171, 'ELGRND42', (38974, 1883)]
[0.00070791660257052413, 'STANO12', (38529, 1883)]
[0.0007015150326030728, 'TRIST42X', (38317, 1883)]
[0.00070144183546549943, 'SICPAY53', (1888, 1883)]
[0.00070070441479330725, 'STAPR12', (38687, 1883)]
[0.00070010284345489726, 'STADE12', (38602, 1883)]
[0.00069764602547750521, 'TRIEX31X', (37722, 1883)]
[0.000694948955579755, 'ENDRFM31', (37776, 1883)]
[0.00069090732213028527, 'STNDIF31', (2870, 1883)]
[0.00069080969709145457, 'RACEV1X', (38974, 1883)]
[0.00069001933890722178, 'IPFTRI12', (38974, 1883)]
[0.00068989992810752909, 'TRIST12X', (38617, 1883)]
[0.00068944509906732065, 'STPRAT12', (38687, 1883)]
[0.00068905223104243074, 'ZIFEXP12', (38974, 1883)]
[0.00068832584565714505, 'STOMCH53', (1012, 1883)]
[0.00068388446842759798, 'OPFVA12', (38974, 1883)]
[0.00068198249983231207, 'ENGSPK42', (38175, 1883)]
[0.0006816402892325657, 'DSCPHN53', (1856, 1883)]
[0.00068064108305665449, 'INSCOP42', (38974, 1883)]
[0.00067372069441928861, 'STPRAT53', (38689, 1883)]
[0.0006722212058829502, 'OPTVA12', (38974, 1883)]
[0.00067081243184952122, 'TRICH31X', (37722, 1883)]
[0.00066119371441986097, 'LKINFM42', (9815, 1883)]
[0.00065796547203078593, 'STAFE12', (37732, 1883)]
[0.00065573906390714587, 'NUMEMP53', (1858, 1883)]
[0.00065567647751729741, 'PSTATS53', (38717, 1883)]
[0.00064681981804881605, 'STAOC12', (38431, 1883)]
[0.00064637651484755754, 'ENDRFM42', (38379, 1883)]
[0.00064462321259639577, 'APRTRT42', (820, 1883)]
[0.00064364234111446983, 'OPBEV12', (38974, 1883)]
[0.00063334864755382192, 'CLNTRE53', (6621, 1883)]
[0.00062784029952167586, 'STAPR53', (38689, 1883)]
[0.00061392501139356792, 'OPBSE12', (38344, 1883)]
[0.00060965781922139861, 'TRIPR12X', (38617, 1883)]
[0.00060828376570987164, 'STAJA12', (37649, 1883)]
[0.00060750173278767416, 'OBCOPR12', (38974, 1883)]
[0.00060743888249603639, 'AMCOPR12', (38974, 1883)]
[0.00060416478280500563, 'ZIDTCH12', (38974, 1883)]
[0.00059632762425765318, 'CHOIC31', (8304, 1883)]
[0.00059370303819739068, 'OPVVA12', (38974, 1883)]
[0.00059025532304368689, 'ASATAK31', (3219, 1883)]
[0.00058711949520739992, 'OPBJL12', (38156, 1883)]
[0.00058525220291161251, 'ASIANP42', (11295, 1883)]
[0.00057699905274799512, 'RACEVER', (38974, 1883)]
[0.00055406202478391897, 'MORECOVR', (159, 1883)]
[0.00055276561646144806, 'RACEAX', (38974, 1883)]
[0.00054917513465424506, 'MORJOB31', (16044, 1883)]
[0.00054898468768282971, 'OPBJU12', (38069, 1883)]
[0.00054693438071728995, 'OPBAU12', (38265, 1883)]
[0.00054476990650631496, 'OTPUBB42', (38382, 1883)]
[0.00054375879904888791, 'DVGVA12', (38974, 1883)]
[0.00053551862854828158, 'PMUNAB42', (38137, 1883)]
[0.00053014763208625304, 'PMEDPP31', (12816, 1883)]
[0.00052608983374280438, 'MDDLPR42', (1072, 1883)]
[0.00052520780822784552, 'OBTSTL12', (38974, 1883)]
[0.00052411648285710655, 'TEMPJB53', (16676, 1883)]
[0.00052107895744790689, 'AMTSTL12', (38974, 1883)]
[0.00051919906231301383, 'OTHDYS42', (17707, 1883)]
[0.00051700947051169788, 'OTPBAT42', (38382, 1883)]
[0.00051457926542375354, 'OTPBAT12', (38687, 1883)]
[0.00051376956864279677, 'OTHNDD31', (1212, 1883)]
[0.00051054328471411559, 'OTHDYS31', (17283, 1883)]
[0.00050829171163602194, 'TRIST31X', (37722, 1883)]
[0.0005063660303986639, 'OPBOC12', (38431, 1883)]
[0.00050600735317707368, 'WASMCAID', (766, 1883)]
[0.0005034663808856088, 'ZIDEXP12', (38974, 1883)]
[0.00049944216779740369, 'TREATM42', (27145, 1883)]
[0.00049684409062578094, 'JNTPID12', (10362, 1883)]
[0.0004957110067169701, 'DVTVA12', (38974, 1883)]
[0.00049475029919987534, 'CSTSVT42', (826, 1883)]
[0.00049444457037128853, 'ADEZUN42', (11826, 1883)]
[0.00049084111734587488, 'OTPBAT53', (38689, 1883)]
[0.0004862703698075288, 'TRIPR42X', (38317, 1883)]
[0.00048602996362501205, 'STJBDD31', (1731, 1883)]
[0.00048348677393672546, 'ADCMPY42', (23439, 1883)]
[0.00048210201292842036, 'DNDLAY42', (38117, 1883)]
[0.00047875750942172335, 'PMUNPR42', (698, 1883)]
[0.000477994387290126, 'OPOVA12', (38974, 1883)]
[0.00047390494719445897, 'CACOLON', (2283, 1883)]
[0.00046966437758544366, 'ZIFPTR12', (38974, 1883)]
[0.00046848093233586852, 'OPBMA12', (37833, 1883)]
[0.00046618886636151657, 'ADSMOK42', (24631, 1883)]
[0.00046497046181759316, 'OPBAP12', (37920, 1883)]
[0.00046438590675013103, 'OPPTRI12', (38974, 1883)]
[0.00046435275515765984, 'REGION53', (38687, 1883)]
[0.00046435275515765984, 'REGION12', (38687, 1883)]
[0.00046415915408815067, 'ASEVFL53', (628, 1883)]
[0.00046323231472711335, 'OPBMY12', (37994, 1883)]
[0.00046000554343550437, 'OBOOPU12', (38974, 1883)]
[0.00045912449826490676, 'REGION31', (37776, 1883)]
[0.00045876116446164072, 'PSTATS42', (38391, 1883)]
[0.00045771709665687332, 'THRTAGED', (21, 1883)]
[0.000456952808347455, 'UNABLE31', (2384, 1883)]
[0.00045659464729808086, 'ADCMPM42', (23574, 1883)]
[0.00045515088272651827, 'OTPUBB12', (38687, 1883)]
[0.00045453673486162138, 'OPBJA12', (37649, 1883)]
[0.00045089853882229747, 'OPBDE12', (38602, 1883)]
[0.0004492100712625291, 'BUSNP12X', (38902, 1883)]
[0.0004487647438927711, 'REGION42', (38382, 1883)]
[0.00044606111411726879, 'OPBNO12', (38529, 1883)]
[0.00044481418119712846, 'WHNBST42', (1454, 1883)]
[0.00044217248019018385, 'OTPUBB53', (38689, 1883)]
[0.00043102644517700739, 'CHRTWW42', (6317, 1883)]
[0.00043090178893900877, 'PSTATS31', (37789, 1883)]
[0.00043047006315155567, 'EMPHAGED', (440, 1883)]
[0.00043045912289485511, 'ZIFPRV12', (38974, 1883)]
[0.00042905870852716355, 'STPDIF31', (2871, 1883)]
[0.00042866563141208402, 'TEMPJB31', (15990, 1883)]
[0.00042500780996568288, 'HRWGIM42', (38974, 1883)]
[0.00042186360417550972, 'OTPUBB31', (37776, 1883)]
[0.00042167441384977078, 'IRAIMP12', (38974, 1883)]
[0.00042080400679944674, 'TMTKUS42', (28026, 1883)]
[0.00041868196175942618, 'OTHRCP42', (11295, 1883)]
[0.00041829486009481442, 'BSNTY31', (1732, 1883)]
[0.00041543556545953209, 'RXVA12', (38974, 1883)]
[0.00041012615484525838, 'INDCAT42', (2498, 1883)]
[0.00040596890884947445, 'ZIDPRV12', (38974, 1883)]
[0.00040596890884947445, 'ZIDPTR12', (38974, 1883)]
[0.00040363007210475477, 'OPBFE12', (37732, 1883)]
[0.00040320478639677138, 'IPTVA12', (38974, 1883)]
[0.00040297844120573689, 'OBCMCD12', (38974, 1883)]
[0.00040197692048882239, 'OPVOPR12', (38974, 1883)]
[0.00040084655810856962, 'PROXY42', (38391, 1883)]
[0.00039924413665215486, 'CABLADDR', (2283, 1883)]
[0.00039760645170827669, 'IPFVA12', (38974, 1883)]
[0.00039212533213672796, 'SCHLIM31', (2394, 1883)]
[0.00038936666574540535, 'TRIPR31X', (37722, 1883)]
[0.00038901215409903322, 'SSIIMP12', (38974, 1883)]
[0.0003799183861401545, 'DFTOUS42', (28027, 1883)]
[0.00037967561217144841, 'CHRESP42', (7915, 1883)]
[0.00037885721235364489, 'SIBPRO42', (7842, 1883)]
[0.00037746225528245692, 'OTPBAT31', (37776, 1883)]
[0.00037128034182420944, 'OBAVA12', (38974, 1883)]
[0.00036496567638621968, 'PENIMP12', (38974, 1883)]
[0.00036251896854855303, 'DVTMCR12', (38974, 1883)]
[0.00036183194716132849, 'BOOST42', (3160, 1883)]
[0.0003536864659021699, 'TRSTP12X', (38885, 1883)]
[0.00035069074783056209, 'THYRREMS', (68, 1883)]
[0.0003469936200715118, 'NUMEMP42', (2126, 1883)]
[0.00034506241956044903, 'WRKLIM31', (2394, 1883)]
[0.00034289578330903847, 'HPSAP12', (37920, 1883)]
[0.00034135922951761266, 'TRTIMP12', (38974, 1883)]
[0.00034040959486902889, 'HPSFE12', (37732, 1883)]
[0.00033705808555317684, 'RUCLAS42', (38389, 1883)]
[0.00033627740600561395, 'HPSJU12', (38069, 1883)]
[0.00033567786823007761, 'IPDOPR12', (38974, 1883)]
[0.0003343473391157481, 'HPSMY12', (37994, 1883)]
[0.00033272486675595125, 'AMAVA12', (38974, 1883)]
[0.00032883298160835128, 'APRDLT42', (137, 1883)]
[0.00032819758240654195, 'DISVW42X', (7659, 1883)]
[0.0003279801844454644, 'MORJOB42', (16394, 1883)]
[0.00032747849230840842, 'SELDSI42', (9181, 1883)]
[0.00032485846799534812, 'HPSJA12', (37649, 1883)]
[0.00032206456104655334, 'OPPSLF12', (38974, 1883)]
[0.00032112969393960356, 'AMCMCD12', (38974, 1883)]
[0.00031942072913337949, 'HPSSE12', (38344, 1883)]
[0.00031819651859243958, 'DVGMCR12', (38974, 1883)]
[0.00031770067729885998, 'OBAWCP12', (38974, 1883)]
[0.00031725414147654174, 'HPSDE12', (38602, 1883)]
[0.0003167319834368465, 'NATAMP42', (11295, 1883)]
[0.00031426262926548265, 'HPSMA12', (37833, 1883)]
[0.00031404582216332244, 'DNUNAB42', (38119, 1883)]
[0.0003088474203727376, 'WASCHAMP', (766, 1883)]
[0.00030616914966830056, 'HPSNO12', (38529, 1883)]
[0.00030571535290413454, 'HPSOC12', (38431, 1883)]
[0.00030461766381262301, 'HPSJL12', (38156, 1883)]
[0.00030445503585319056, 'FILEDR12', (32836, 1883)]
[0.00030440083413130203, 'GDCPBM42', (9813, 1883)]
[0.00030404332554689883, 'HPSAU12', (38265, 1883)]
[0.00030083653373080832, 'CHENEC42', (3259, 1883)]
[0.00030044788418048807, 'ERFOPR12', (38974, 1883)]
[0.00029973393528304193, 'BLIND42', (1629, 1883)]
[0.00029787220620247634, 'AMAWCP12', (38974, 1883)]
[0.00029771715276483146, 'ASTHEP53', (775, 1883)]
[0.00029679839632923422, 'SSNLJB42', (16376, 1883)]
[0.00029318204133732539, 'CHEXPL42', (7916, 1883)]
[0.00028953026573341756, 'PBSVCM42', (1101, 1883)]
[0.0002881339586870979, 'CHGJ3142', (16050, 1883)]
[0.00028800286973318379, 'DIFFWG53', (12592, 1883)]
[0.00028709903732615505, 'IPDTRI12', (38974, 1883)]
[0.00028638130762248526, 'PROXY12', (38974, 1883)]
[0.00028540985657743434, 'ERTOPR12', (38974, 1883)]
[0.00028193694021183546, 'THRTREMS', (21, 1883)]
[0.00028148738297240072, 'HRWGIM31', (38974, 1883)]
[0.00027601228635865116, 'DSCONF53', (2215, 1883)]
[0.00027250257336131067, 'CASKINNM', (2283, 1883)]
[0.00027037919828165613, 'FILER12', (20904, 1883)]
[0.00026899515181033617, 'OPFWCP12', (38974, 1883)]
[0.00026648580148946888, 'RACETHX', (38974, 1883)]
[0.0002656623882875131, 'VISVA12', (38974, 1883)]
[0.00026329050384932273, 'SKNMREMS', (344, 1883)]
[0.00026119294525228653, 'OBEOTH12', (38974, 1883)]
[0.00026119294525228653, 'AMEOTH12', (38974, 1883)]
[0.00025915047886293507, 'OTHOTH12', (38974, 1883)]
[0.0002569649949040187, 'MORE42', (2131, 1883)]
[0.00025674120452101601, 'OTHREA42', (9181, 1883)]
[0.00025545097986678922, 'OBAMCD12', (38974, 1883)]
[0.00025365351549522241, 'OBNTRI12', (38974, 1883)]
[0.00025267501543579929, 'OPTWCP12', (38974, 1883)]
[0.00025199023062971726, 'OBCTRI12', (38974, 1883)]
[0.00025199023062971726, 'AMCTRI12', (38974, 1883)]
[0.0002508272998071881, 'VETIMP12', (38974, 1883)]
[0.00024632591011608529, 'REFIMP12', (38974, 1883)]
[0.00024173267777238827, 'DADPRO42', (7837, 1883)]
[0.00024147392932283296, 'NOINSBEF', (13513, 1883)]
[0.00023755958126059351, 'AFTHOU42', (20623, 1883)]
[0.00023655888278084625, 'EXPLOP42', (27365, 1883)]
[0.00023598534497215606, 'UNEIMP12', (38974, 1883)]
[0.00023399828504888642, 'OBNOPU12', (38974, 1883)]
[0.00022956461009737694, 'NOLIKE42', (9181, 1883)]
[0.000226406277906821, 'WCPIMP12', (38974, 1883)]
[0.00022600623833046729, 'RUCLAS53', (38708, 1883)]
[0.00022431587209026382, 'WRHLTH42', (10770, 1883)]
[0.00022379210582046394, 'HHAOTH12', (38974, 1883)]
[0.0002231719081164929, 'RUCLAS12', (38974, 1883)]
[0.00022311639292971197, 'STAPR31', (37776, 1883)]
[0.00022008324169819904, 'INTVLANG', (38974, 1883)]
[0.00021914357876429147, 'OPASE12', (38344, 1883)]
[0.00021693228411368004, 'SPRPRO42', (7843, 1883)]
[0.00021491603173307006, 'ZIDMCR12', (38974, 1883)]
[0.00021450855965265969, 'REFDP12X', (38974, 1883)]
[0.00021450325058924857, 'STPRAT31', (37776, 1883)]
[0.00021334852703835949, 'ZIFMCR12', (38974, 1883)]
[0.00021331081895059611, 'BLCKPR42', (11295, 1883)]
[0.00021100526151052179, 'CHPRTM42', (7911, 1883)]
[0.00020719841172889275, 'OPTTRI12', (38974, 1883)]
[0.00020693519693848472, 'SCHPRO42', (7840, 1883)]
[0.00020687503124816597, 'OTHSTL12', (38974, 1883)]
[0.00020539055703328035, 'RUCLAS31', (37788, 1883)]
[0.00020477354881087706, 'OPSMCD12', (38974, 1883)]
[0.00019948509932343761, 'STJBDD53', (1292, 1883)]
[0.00019478420129104279, 'WASPRIV', (766, 1883)]
[0.000192704613141359, 'WLKDIF31', (2863, 1883)]
[0.00019265602776652457, 'OPPOTH12', (38974, 1883)]
[0.00019058688697581871, 'OTHDYS53', (17847, 1883)]
[0.00019022779526445266, 'STJBMM42', (2062, 1883)]
[0.00018877514381143712, 'WASSTAT4', (766, 1883)]
[0.00018736071012281919, 'OPVWCP12', (38974, 1883)]
[0.0001840716097295525, 'OPVOTH12', (38974, 1883)]
[0.00018393452247844611, 'PRSFE12', (37732, 1883)]
[0.00018340979084885412, 'PRIS31', (37776, 1883)]
[0.00018282890222598436, 'PRIS53', (38689, 1883)]
[0.0001821143833844463, 'DISVW53X', (7822, 1883)]
[0.00018164631946826493, 'UNHAP42', (7837, 1883)]
[0.00018064371688308878, 'PROXY53', (38717, 1883)]
[0.0001790638681621326, 'OBESTL12', (38974, 1883)]
[0.0001790638681621326, 'AMESTL12', (38974, 1883)]
[0.00017767320929096275, 'OPDMCD12', (38974, 1883)]
[0.00017605983761870281, 'WLK3MO53', (2965, 1883)]
[0.00017551328813592004, 'ERTOSR12', (38974, 1883)]
[0.00017411634998698577, 'CHLIST42', (7914, 1883)]
[0.00017388375127946887, 'PRIS12', (38687, 1883)]
[0.00017372988112029919, 'PRSDE12', (38602, 1883)]
[0.00017289634180439606, 'PRSSE12', (38344, 1883)]
[0.00016985746926523326, 'OPPOPR12', (38974, 1883)]
[0.0001695087839818088, 'ERFOSR12', (38974, 1883)]
[0.00016904074134016511, 'HOUR31', (15813, 1883)]
[0.00016901737641716874, 'ZIFTRI12', (38974, 1883)]
[0.0001687448721847673, 'PRSNO12', (38529, 1883)]
[0.00016830201088346985, 'PRSOC12', (38431, 1883)]
[0.00016785105733441164, 'PRIS42', (38382, 1883)]
[0.00016770082109085482, 'PRSAP12', (37920, 1883)]
[0.0001667039358143052, 'PRSJU12', (38069, 1883)]
[0.00016542848243339403, 'PRSMY12', (37994, 1883)]
[0.00016512137820789974, 'VISMCR12', (38974, 1883)]
[0.00016289214625075932, 'PRSJA12', (37649, 1883)]
[0.00016256842341078048, 'STJBMM53', (1803, 1883)]
[0.00016248524866357972, 'CATHROAT', (2283, 1883)]
[0.00016222187893488726, 'IPDOTH12', (38974, 1883)]
[0.00016128555277716838, 'PRSMA12', (37833, 1883)]
[0.00016069748712155274, 'OPDVA12', (38974, 1883)]
[0.00016065002618603774, 'OTHRREMS', (462, 1883)]
[0.00015980842280005625, 'OBATRI12', (38974, 1883)]
[0.00015890296939735649, 'AMATRI12', (38974, 1883)]
[0.00015641854356474028, 'YNOINS42', (1060, 1883)]
[0.00015527135560744476, 'RURSLT42', (38393, 1883)]
[0.00015516378711377676, 'BEGRFD31', (37725, 1883)]
[0.00015506486264427188, 'PMDLPR42', (829, 1883)]
[0.00015452495823087276, 'UNEMP12X', (38974, 1883)]
[0.00015442671097076754, 'OPFTRI12', (38974, 1883)]
[0.00015390875695453499, 'ENDRFY53', (38689, 1883)]
[0.00015329372358552362, 'OPAEV12', (38974, 1883)]
[0.00015296679308851591, 'ZIFVA12', (38974, 1883)]
[0.00015067331761919878, 'PRSAU12', (38265, 1883)]
[0.00015001155808236355, 'HHASTL12', (38974, 1883)]
[0.00014912854030868505, 'OPOOFD12', (38974, 1883)]
[0.00014902989968590408, 'MDUNAB42', (38163, 1883)]
[0.00014878418838459861, 'PRSJL12', (38156, 1883)]
[0.00014848800518796335, 'PACISP42', (11295, 1883)]
[0.00014714202148224942, 'IPDVA12', (38974, 1883)]
[0.00014572635151544056, 'PANEL', (38974, 1883)]
[0.00014518695363641143, 'CHBMIX42', (5689, 1883)]
[0.00014394566819131427, 'ENDRFD53', (38685, 1883)]
[0.00014048969769075992, 'HHNVA12', (38974, 1883)]
[0.00014013373095977943, 'OPOWCP12', (38974, 1883)]
[0.00013958198384678155, 'ADCMPD42', (23544, 1883)]
[0.0001393370311811859, 'OPAAU12', (38265, 1883)]
[0.00013864978806554795, 'IPDWCP12', (38974, 1883)]
[0.00013831420419097018, 'PMEDPP53', (14065, 1883)]
[0.00013718014298214065, 'CHEYRE42', (1544, 1883)]
[0.00013709932874284014, 'OPDTRI12', (38974, 1883)]
[0.00013555882053595258, 'OTHVA12', (38974, 1883)]
[0.00013477734424338639, 'OBCVA12', (38974, 1883)]
[0.00013477734424338639, 'AMCVA12', (38974, 1883)]
[0.00013429519325847128, 'RESPCT42', (25022, 1883)]
[0.00013259194682402331, 'OPAOC12', (38431, 1883)]
[0.0001324908581981088, 'TOTOFD12', (38974, 1883)]
[0.00013129740624417963, 'DSMED53', (2333, 1883)]
[0.00013029000129893831, 'BEGRFY31', (37776, 1883)]
[0.00013018952724030974, 'HRWGIM53', (38974, 1883)]
[0.00012996734482462191, 'IPTSLF12', (38974, 1883)]
[0.00012948406286517056, 'AMNTRI12', (38974, 1883)]
[0.00012773197178406193, 'OTPUBA12', (38687, 1883)]
[0.00012612504516806844, 'IPTWCP12', (38974, 1883)]
[0.00012409351060149731, 'MORJOB53', (16694, 1883)]
[0.00012331921830965875, 'PMEDPP42', (14191, 1883)]
[0.00012319131750204715, 'OBNSTL12', (38974, 1883)]
[0.00012299217763600545, 'OTPAAT12', (38687, 1883)]
[0.00012291870799430171, 'FTSTU31X', (3815, 1883)]
[0.00012222984458831743, 'OPTOSR12', (38974, 1883)]
[0.00012210989230443392, 'OPANO12', (38529, 1883)]
[0.00011915657449301786, 'OPSVA12', (38974, 1883)]
[0.00011753883777798624, 'OPADE12', (38602, 1883)]
[0.00011736507496717952, 'ERFWCP12', (38974, 1883)]
[0.00011655379518771269, 'HHAOPR12', (38974, 1883)]
[0.00011555894930126431, 'CHTHCO42', (421, 1883)]
[0.0001152789140266286, 'OBEOPU12', (38974, 1883)]
[0.0001152789140266286, 'AMEOPU12', (38974, 1883)]
[0.00011519074292143383, 'IPFWCP12', (38974, 1883)]
[0.00011382540226279048, 'OTPAAT53', (38689, 1883)]
[0.00011119833951711566, 'SEATBE53', (28690, 1883)]
[0.00011099387453272769, 'CLINIC42', (9181, 1883)]
[0.00010925869338007654, 'MOPID31X', (13839, 1883)]
[0.00010826673496255879, 'PROUT31', (37776, 1883)]
[0.00010797909746362855, 'ERTOTH12', (38974, 1883)]
[0.00010768672791794387, 'IPDSLF12', (38974, 1883)]
[0.00010755626472991331, 'OTHOPR12', (38974, 1883)]
[0.00010703961520297511, 'DNDLPR42', (1139, 1883)]
[0.00010646007071768437, 'ERFOTH12', (38974, 1883)]
[0.00010637483959552441, 'OPPWCP12', (38974, 1883)]
[0.00010573259002888413, 'IPTOPR12', (38974, 1883)]
[0.00010555474647999663, 'OPFOSR12', (38974, 1883)]
[0.00010486007097643135, 'ERTWCP12', (38974, 1883)]
[0.00010392359069077983, 'WHNDEN42', (5271, 1883)]
[0.00010388277491835129, 'AMNOPU12', (38974, 1883)]
[0.00010251037788144846, 'OPVOSR12', (38974, 1883)]
[0.00010062320412285164, 'WAGIMP12', (38974, 1883)]
[0.00010049641654308328, 'DENTAL42', (9469, 1883)]
[9.9552788320189656e-05, 'OBEOPR12', (38974, 1883)]
[9.9552788320189656e-05, 'AMEOPR12', (38974, 1883)]
[9.8510757698178075e-05, 'ASSTIL53', (3671, 1883)]
[9.8272628125228856e-05, 'POUMA12', (37833, 1883)]
[9.7141439874826041e-05, 'WASSTAT3', (766, 1883)]
[9.7091091770029614e-05, 'WLK3MO31', (2838, 1883)]
[9.6815486357204605e-05, 'DISVW31X', (7629, 1883)]
[9.6007130317765643e-05, 'POUJA12', (37649, 1883)]
[9.5581850584558481e-05, 'OTPUBA53', (38689, 1883)]
[9.4397816788438504e-05, 'OBNWCP12', (38974, 1883)]
[9.4397816788438504e-05, 'AMNWCP12', (38974, 1883)]
[9.4201478126110239e-05, 'IPFSLF12', (38974, 1883)]
[9.4139962522721277e-05, 'OTHWCP12', (38974, 1883)]
[9.4099149526183368e-05, 'OPVMCD12', (38974, 1883)]
[9.2744610807993233e-05, 'OPOTRI12', (38974, 1883)]
[9.2451673718740857e-05, 'DUID', (38974, 1883)]
[9.2449792850390899e-05, 'DUPERSID', (38974, 1883)]
[9.2423577873868012e-05, 'PDKAP12', (37920, 1883)]
[9.2394239120885402e-05, 'AMAMCD12', (38974, 1883)]
[9.2090753028073458e-05, 'SELFCM42', (2493, 1883)]
[9.0104815325120491e-05, 'ASSTIL31', (3228, 1883)]
[8.7308074127823154e-05, 'HPDDE12', (38602, 1883)]
[8.7195306825216257e-05, 'TOTSTL12', (38974, 1883)]
[8.5773028850932853e-05, 'SALEP12X', (38886, 1883)]
[8.3894176727938863e-05, 'PDKMA12', (37833, 1883)]
[8.2591499022455217e-05, 'OPVTRI12', (38974, 1883)]
[8.2493007790951367e-05, 'OBOOFD12', (38974, 1883)]
[8.1851718850223243e-05, 'POUAP12', (37920, 1883)]
[8.144026357104206e-05, 'ADLIST42', (15804, 1883)]
[8.1371032369492724e-05, 'POUMY12', (37994, 1883)]
[8.1118110127786913e-05, 'HPDJL12', (38156, 1883)]
[8.0884970650174637e-05, 'NEWDOC42', (9181, 1883)]
[8.0801554991349889e-05, 'YNOINS53', (1112, 1883)]
[8.0163859329962506e-05, 'RURSLT53', (38717, 1883)]
[8.0155962793093671e-05, 'MINORP42', (28039, 1883)]
[7.9465985216020663e-05, 'IPDOSR12', (38974, 1883)]
[7.9147306498383863e-05, 'PROXY31', (37789, 1883)]
[7.9062089802572899e-05, 'PAYVAC53', (1889, 1883)]
[7.8872851211775341e-05, 'WRKLIM53', (2643, 1883)]
[7.8581207077821347e-05, 'HPDNO12', (38529, 1883)]
[7.8531958710215122e-05, 'BEGRFM31', (37756, 1883)]
[7.7988731579381465e-05, 'HPDMY12', (37994, 1883)]
[7.7647699626148814e-05, 'POUFE12', (37732, 1883)]
[7.7323165996068255e-05, 'FTSTU53X', (3946, 1883)]
[7.7294488329937572e-05, 'ERTSLF12', (38974, 1883)]
[7.6687564212973847e-05, 'NERVAF42', (7839, 1883)]
[7.6233883751775089e-05, 'HPDJU12', (38069, 1883)]
[7.4473691039633749e-05, 'ERTVA12', (38974, 1883)]
[7.4429317171831322e-05, 'OPAJU12', (38069, 1883)]
[7.4264833756498838e-05, 'OTPAAT42', (38382, 1883)]
[7.4264833756498838e-05, 'OTPUBA42', (38382, 1883)]
[7.413915202525434e-05, 'ERFVA12', (38974, 1883)]
[7.3935606400676868e-05, 'OPDWCP12', (38974, 1883)]
[7.3449152752091962e-05, 'IPFOPR12', (38974, 1883)]
[7.2421736356020894e-05, 'ERFSLF12', (38974, 1883)]
[7.1766208787682473e-05, 'OPSTRI12', (38974, 1883)]
[7.1677886064325236e-05, 'HPDAP12', (37920, 1883)]
[7.0050967601043013e-05, 'ENDRFM53', (38688, 1883)]
[6.9929721495110009e-05, 'HPDOC12', (38431, 1883)]
[6.9182390612820832e-05, 'AMNSTL12', (38974, 1883)]
[6.8302935861908054e-05, 'POUJU12', (38069, 1883)]
[6.6613641756418929e-05, 'MILDIF31', (2846, 1883)]
[6.6421437255326232e-05, 'ZIFMCD12', (38974, 1883)]
[6.6106272198385163e-05, 'CAMELANO', (2283, 1883)]
[6.5819963970370488e-05, 'JTINRU12', (10548, 1883)]
[6.520330012882436e-05, 'OPOOSR12', (38974, 1883)]
[6.517986790577357e-05, 'POUJL12', (38156, 1883)]
[6.4148029069843737e-05, 'OPAMY12', (37994, 1883)]
[6.378842086407488e-05, 'OPAAP12', (37920, 1883)]
[6.3212933007705807e-05, 'HPDMA12', (37833, 1883)]
[6.2692131391317574e-05, 'MOPID53X', (14233, 1883)]
[6.1808696553700138e-05, 'OBTOPU12', (38974, 1883)]
[6.1416379428247403e-05, 'RURSLT31', (37790, 1883)]
[6.084845643838932e-05, 'REFFRL42', (28033, 1883)]
[5.963510161444141e-05, 'UNABLE53', (2634, 1883)]
[5.9462470326510086e-05, 'OTHIMP12', (38974, 1883)]
[5.8477613693486141e-05, 'ERTTRI12', (38974, 1883)]
[5.6953791314984237e-05, 'DPINRU12', (6256, 1883)]
[5.6825714778718783e-05, 'POUAU12', (38265, 1883)]
[5.4617575135251784e-05, 'AMAOTH12', (38974, 1883)]
[5.4173822446657027e-05, 'MOMPRO42', (7839, 1883)]
[5.3397753223438649e-05, 'MOPID42X', (14096, 1883)]
[5.3109251563099313e-05, 'POUSE12', (38344, 1883)]
[5.2324079505616794e-05, 'DOCELS42', (9181, 1883)]
[5.2002955421293073e-05, 'VARPSU', (38974, 1883)]
[5.1657628801549116e-05, 'OTHOSR12', (38974, 1883)]
[5.1269191038705308e-05, 'POUNO12', (38529, 1883)]
[5.1164272072745653e-05, 'MSA42', (38382, 1883)]
[5.1106650647447793e-05, 'ALIMP12X', (38974, 1883)]
[5.0907302906355589e-05, 'HPDAU12', (38265, 1883)]
[5.0795644036760734e-05, 'OPAJL12', (38156, 1883)]
[5.0661780893301867e-05, 'POUOC12', (38431, 1883)]
[5.0217520125905857e-05, 'PROUT42', (38382, 1883)]
[5.0026605049824369e-05, 'FMRS1231', (38417, 1883)]
[4.9985878179725773e-05, 'DAPID42X', (9553, 1883)]
[4.9341622261223073e-05, 'DVGMCD12', (38974, 1883)]
[4.9261637877440201e-05, 'POUDE12', (38602, 1883)]
[4.9244025606909325e-05, 'OBAOTH12', (38974, 1883)]
[4.8462638768453914e-05, 'MYSELF42', (9181, 1883)]
[4.8298934033796925e-05, 'SELFCM53', (2144, 1883)]
[4.7718774766281058e-05, 'MSA31', (37776, 1883)]
[4.7105197874430793e-05, 'CASHP12X', (38974, 1883)]
[4.6869026163132155e-05, 'DVGOPR12', (38974, 1883)]
[4.6619257834445982e-05, 'OPSWCP12', (38974, 1883)]
[4.5750038549785543e-05, 'ERFTRI12', (38974, 1883)]
[4.5503960532267129e-05, 'DAPID31X', (9375, 1883)]
[4.4006503596594193e-05, 'CHGJ4253', (16414, 1883)]
[4.3352623490755526e-05, 'WASVA', (766, 1883)]
[4.3168416474448357e-05, 'ZIFOPR12', (38974, 1883)]
[4.3125132348498241e-05, 'CHLDP12X', (38974, 1883)]
[4.2509428105463876e-05, 'OPPVA12', (38974, 1883)]
[4.2162399570111475e-05, 'OPDOTH12', (38974, 1883)]
[4.1603671865897418e-05, 'AMTOPU12', (38974, 1883)]
[4.1190730719731228e-05, 'NOSMOK42', (10545, 1883)]
[4.0351994860410301e-05, 'HPDSE12', (38344, 1883)]
[4.0265862562227639e-05, 'PROUT12', (38687, 1883)]
[3.9627324877500314e-05, 'PDKFE12', (37732, 1883)]
[3.9380048459602968e-05, 'IPTOTH12', (38974, 1883)]
[3.8263026951090851e-05, 'OTHINS42', (9181, 1883)]
[3.8221726496145969e-05, 'GENDRP42', (11668, 1883)]
[3.8182632770666913e-05, 'CSHIMP12', (38974, 1883)]
[3.6749825172321948e-05, 'ERDTRI12', (38974, 1883)]
[3.6547078996918003e-05, 'PROUT53', (38689, 1883)]
[3.6421291677912748e-05, 'PRIDK53', (38689, 1883)]
[3.5628571307677603e-05, 'PAYDR53', (1866, 1883)]
[3.4882497626065323e-05, 'PDKJA12', (37649, 1883)]
[3.2526536460242284e-05, 'ADUPRO42', (7844, 1883)]
[3.1688362169823847e-05, 'NOINUNIT', (457, 1883)]
[3.0225326679844677e-05, 'OTHMCD12', (38974, 1883)]
[3.0211794821655147e-05, 'AMNOFD12', (38974, 1883)]
[2.9938867517009804e-05, 'DVTMCD12', (38974, 1883)]
[2.9726170543198371e-05, 'AMAOSR12', (38974, 1883)]
[2.9405329865839214e-05, 'ERDOSR12', (38974, 1883)]
[2.9268560090889295e-05, 'OTHNDD53', (1346, 1883)]
[2.9249011413101655e-05, 'OBNOFD12', (38974, 1883)]
[2.9026420831135269e-05, 'PERSLA42', (9181, 1883)]
[2.8867488979233968e-05, 'HHAVA12', (38974, 1883)]
[2.8334849063615941e-05, 'OBCSTL12', (38974, 1883)]
[2.8334849063615941e-05, 'AMCSTL12', (38974, 1883)]
[2.7965233183380178e-05, 'PDKDE12', (38602, 1883)]
[2.6879292393200416e-05, 'IPFOTH12', (38974, 1883)]
[2.683332131936389e-05, 'PRIDK12', (38687, 1883)]
[2.6436776531246764e-05, 'OPDOSR12', (38974, 1883)]
[2.6352585584588084e-05, 'MSA53', (38687, 1883)]
[2.6352585584588084e-05, 'MSA12', (38687, 1883)]
[2.5918244741185426e-05, 'REFPRS12', (38974, 1883)]
[2.5537845279810512e-05, 'PDKJL12', (38156, 1883)]
[2.5515686746135913e-05, 'DAPID53X', (9667, 1883)]
[2.515127932489758e-05, 'PDKNO12', (38529, 1883)]
[2.5101561935025885e-05, 'OPSOSR12', (38974, 1883)]
[2.5032997964857806e-05, 'PDKMY12', (37994, 1883)]
[2.458063636168184e-05, 'DVGOFD12', (38974, 1883)]
[2.4578874344816093e-05, 'OPSOTH12', (38974, 1883)]
[2.456712358567259e-05, 'SALIMP12', (38974, 1883)]
[2.4301938463477946e-05, 'STJBMM31', (4323, 1883)]
[2.42061566486651e-05, 'REFPRS53', (38716, 1883)]
[2.4122591478992206e-05, 'OPPMCD12', (38974, 1883)]
[2.3995463900194913e-05, 'PDKJU12', (38069, 1883)]
[2.3756395432172894e-05, 'OBAOSR12', (38974, 1883)]
[2.3676266375671773e-05, 'SSNLJB31', (16009, 1883)]
[2.3135311768340827e-05, 'RXOTH12', (38974, 1883)]
[2.3074636393505266e-05, 'VISMCD12', (38974, 1883)]
[2.2680216163362132e-05, 'INSRPL42', (9181, 1883)]
[2.2409051819938242e-05, 'VARSTR', (38974, 1883)]
[2.2249681500219332e-05, 'ENDRFD31', (37773, 1883)]
[2.1886233689816237e-05, 'PDKOC12', (38431, 1883)]
[2.1425324304713556e-05, 'DVOPRV12', (38974, 1883)]
[2.0990068424819874e-05, 'DVOPTR12', (38974, 1883)]
[2.0970209604787016e-05, 'HPDFE12', (37732, 1883)]
[2.0662893011946792e-05, 'ERDWCP12', (38974, 1883)]
[2.065330011646882e-05, 'DVTSTL12', (38974, 1883)]
[2.0614615114933343e-05, 'ERDOPR12', (38974, 1883)]
[2.005602635279935e-05, 'HHINDD12', (38961, 1883)]
[1.9524111110502673e-05, 'HEALTH42', (9181, 1883)]
[1.9104446861040181e-05, 'IADL3M31', (919, 1883)]
[1.8424366005631576e-05, 'DVGSTL12', (38974, 1883)]
[1.7850021345244826e-05, 'NEWARE42', (9181, 1883)]
[1.784093200285497e-05, 'OPAJA12', (37649, 1883)]
[1.7490721688551147e-05, 'ENDRFD42', (38374, 1883)]
[1.7420989173677626e-05, 'ADEXPL42', (15908, 1883)]
[1.6914063096562515e-05, 'OBEVA12', (38974, 1883)]
[1.6611705969893364e-05, 'OPDOPR12', (38974, 1883)]
[1.6440512947690777e-05, 'DVOEXP12', (38974, 1883)]
[1.5694912332442357e-05, 'PRIDK42', (38382, 1883)]
[1.5558142876126446e-05, 'ZIFSLF12', (38974, 1883)]
[1.5445218608189926e-05, 'SCLNBD31', (1979, 1883)]
[1.4759101247152628e-05, 'HPDJA12', (37649, 1883)]
[1.4561211259755957e-05, 'ERDSLF12', (38974, 1883)]
[1.4389867947661727e-05, 'HHNMCR12', (38974, 1883)]
[1.4359707983468972e-05, 'OPDOPU12', (38974, 1883)]
[1.41453784031631e-05, 'BRSTAGED', (373, 1883)]
[1.4119479669671975e-05, 'DVOSLF12', (38974, 1883)]
[1.4115199226671926e-05, 'OPPOSR12', (38974, 1883)]
[1.3767172846290698e-05, 'RXOSR12', (38974, 1883)]
[1.3758387677142991e-05, 'CAOTHER', (2283, 1883)]
[1.3719103259979271e-05, 'OPAFE12', (37732, 1883)]
[1.3703878690485283e-05, 'BEGRFD53', (38643, 1883)]
[1.3677861497418675e-05, 'ERDOPU12', (38974, 1883)]
[1.3363973948021801e-05, 'IPFSTL12', (38974, 1883)]
[1.3180301895454605e-05, 'ONJOB42', (9181, 1883)]
[1.3180301895454605e-05, 'NOGODR42', (9181, 1883)]
[1.3050592675423189e-05, 'BEGRFD42', (38323, 1883)]
[1.3014213780970785e-05, 'FTSTU42X', (3880, 1883)]
[1.2972450153303505e-05, 'OPOOPU12', (38974, 1883)]
[1.2959226423192582e-05, 'BUSIMP12', (38974, 1883)]
[1.2695310402266458e-05, 'ADRESP42', (15886, 1883)]
[1.2689064497140023e-05, 'DVGOSR12', (38974, 1883)]
[1.2639810624381909e-05, 'DVTOFD12', (38974, 1883)]
[1.2503571803379465e-05, 'AMAOPR12', (38974, 1883)]
[1.2203432654400714e-05, 'ASTHEP31', (1319, 1883)]
[1.2169097560854603e-05, 'HHASLF12', (38974, 1883)]
[1.2168675787127547e-05, 'PDKAU12', (38265, 1883)]
[1.2055408489586306e-05, 'OBAOFD12', (38974, 1883)]
[1.2055408489586306e-05, 'AMAOFD12', (38974, 1883)]
[1.1806164287975207e-05, 'OBAOPR12', (38974, 1883)]
[1.1772120923292384e-05, 'AMASTL12', (38974, 1883)]
[1.1631737219297555e-05, 'ONGONG42', (28026, 1883)]
[1.1615421970923023e-05, 'IPTSTL12', (38974, 1883)]
[1.1156599751926954e-05, 'DVTOPU12', (38974, 1883)]
[1.1133813031305451e-05, 'ERDOTH12', (38974, 1883)]
[1.1009534308992208e-05, 'REFPRS42', (38391, 1883)]
[1.0845007716087096e-05, 'WASSSI', (766, 1883)]
[1.0831173432035435e-05, 'OBASTL12', (38974, 1883)]
[1.0571373076029289e-05, 'TRANS42', (9181, 1883)]
[1.0425882194797786e-05, 'HHNPRV12', (38974, 1883)]
[1.0425882194797786e-05, 'HHNPTR12', (38974, 1883)]
[1.0399340219846565e-05, 'DOBMM', (38974, 1883)]
[1.0343055307671101e-05, 'ZIDSLF12', (38974, 1883)]
[1.0218786037463623e-05, 'OBEMCD12', (38974, 1883)]
[1.0202652378277222e-05, 'OBEOFD12', (38974, 1883)]
[1.0202652378277222e-05, 'AMEOFD12', (38974, 1883)]
[9.8909467366459225e-06, 'IPDOPU12', (38974, 1883)]
[9.4230817435647651e-06, 'CATHYROD', (2283, 1883)]
[9.4221814130879267e-06, 'ELGRND53', (38974, 1883)]
[9.3741662497981437e-06, 'OPPSTL12', (38974, 1883)]
[9.102093171509118e-06, 'DVORTH12', (38974, 1883)]
[9.0472825801102275e-06, 'DVTOSR12', (38974, 1883)]
[8.8748159454699049e-06, 'SSNLJB53', (16680, 1883)]
[8.8363018486692368e-06, 'CHLIMP12', (38974, 1883)]
[8.8315358767188101e-06, 'OTPAAT31', (37776, 1883)]
[8.8315358767188101e-06, 'OTPUBA31', (37776, 1883)]
[8.7001296037447773e-06, 'ELGRND12', (38974, 1883)]
[8.5421281394992832e-06, 'DVOOTH12', (38974, 1883)]
[8.3773643358986405e-06, 'HISPCAT', (38791, 1883)]
[8.2341253402340442e-06, 'PDKSE12', (38344, 1883)]
[8.0128842837590142e-06, 'ZIDMCD12', (38974, 1883)]
[7.6502608696848995e-06, 'DVOTCH12', (38974, 1883)]
[7.6501317279875636e-06, 'OPPOPU12', (38974, 1883)]
[7.6229698607876983e-06, 'OPSOPU12', (38974, 1883)]
[7.5492041210489802e-06, 'ADL3MO31', (551, 1883)]
[7.3211552972241023e-06, 'WHNHEL42', (3800, 1883)]
[7.3022488025209498e-06, 'DVTOPR12', (38974, 1883)]
[6.943996173403022e-06, 'OTHOPU12', (38974, 1883)]
[6.7994153957195991e-06, 'TOTOPU12', (38974, 1883)]
[6.6647491556715011e-06, 'OPSOPR12', (38974, 1883)]
[6.6200817810946333e-06, 'ENDRFM12', (38971, 1883)]
[6.4733932311211717e-06, 'IPTOPU12', (38974, 1883)]
[6.3501197331561343e-06, 'WASSTAT2', (766, 1883)]
[6.2994469917088125e-06, 'AMEMCD12', (38974, 1883)]
[6.0972503004297351e-06, 'UNION42', (2387, 1883)]
[6.0812812830990381e-06, 'VISWCP12', (38974, 1883)]
[6.0173624838455453e-06, 'OPDSTL12', (38974, 1883)]
[5.9029272044819336e-06, 'RXSTL12', (38974, 1883)]
[5.7091769040118479e-06, 'IPFOPU12', (38974, 1883)]
[5.5349175899221947e-06, 'DIFFWG31', (5995, 1883)]
[5.445556911842786e-06, 'DVOOPU12', (38974, 1883)]
[5.4322968805475824e-06, 'USCNOT42', (9181, 1883)]
[4.9217740264451137e-06, 'HHNEXP12', (38974, 1883)]
[4.7018471357462843e-06, 'ADPRTM42', (15883, 1883)]
[4.3948947676675232e-06, 'ERDSTL12', (38974, 1883)]
[4.3924768244885115e-06, 'KNOWDR42', (9181, 1883)]
[4.3585823585878813e-06, 'ERTSTL12', (38974, 1883)]
[4.236397740831066e-06, 'HHNMCD12', (38974, 1883)]
[4.0576149012983009e-06, 'ALIIMP12', (38974, 1883)]
[3.9211894243829093e-06, 'YCHJ4253', (1699, 1883)]
[3.834446421047133e-06, 'DVOOPR12', (38974, 1883)]
[3.760814915709787e-06, 'OPTOFD12', (38974, 1883)]
[3.760814915709787e-06, 'OPFOFD12', (38974, 1883)]
[3.6989931414543875e-06, 'HHNTCH12', (38974, 1883)]
[3.5575065531201489e-06, 'DVGTRI12', (38974, 1883)]
[3.5481661808667297e-06, 'DVOMCD12', (38974, 1883)]
[3.439889707301802e-06, 'VISTRI12', (38974, 1883)]
[3.3238818919478774e-06, 'ERDVA12', (38974, 1883)]
[3.3216304818894926e-06, 'OPTSTL12', (38974, 1883)]
[3.2702408790941107e-06, 'DVTOTH12', (38974, 1883)]
[3.1809176248565052e-06, 'SCHLIM53', (2643, 1883)]
[3.1673453548819452e-06, 'ERFSTL12', (38974, 1883)]
[3.1328377757544601e-06, 'DKWHRU42', (9181, 1883)]
[3.1082679471383656e-06, 'DVGOPU12', (38974, 1883)]
[3.0666382272448445e-06, 'OPFSTL12', (38974, 1883)]
[2.9806957569933346e-06, 'AMAOPU12', (38974, 1883)]
[2.8653320456317743e-06, 'DVOSTL12', (38974, 1883)]
[2.8208550977293356e-06, 'VISOFD12', (38974, 1883)]
[2.6878546526276637e-06, 'OPOSTL12', (38974, 1883)]
[2.6820330958354788e-06, 'AMEVA12', (38974, 1883)]
[2.6734776005232774e-06, 'ADFHLP42', (9402, 1883)]
[2.5931907625675876e-06, 'FOODMN12', (7829, 1883)]
[2.5867712960536693e-06, 'HHNSLF12', (38974, 1883)]
[2.5783067553186712e-06, 'ERTOPU12', (38974, 1883)]
[2.5179708595945982e-06, 'OBEOSR12', (38974, 1883)]
[2.5179708595945982e-06, 'AMEOSR12', (38974, 1883)]
[2.4291959046518485e-06, 'FLSTAT12', (15387, 1883)]
[2.3801391306754738e-06, 'INSCOP12', (38974, 1883)]
[2.1988567603381526e-06, 'PRIDK31', (37776, 1883)]
[2.1952356056287314e-06, 'ERFOPU12', (38974, 1883)]
[2.1316073278709879e-06, 'HHNSTL12', (38974, 1883)]
[2.1316073278709879e-06, 'HHNOTH12', (38974, 1883)]
[1.828834970574178e-06, 'CASKINDK', (2283, 1883)]
[1.7275218779921886e-06, 'BEGRFY53', (38689, 1883)]
[1.7045942789506441e-06, 'AMTOFD12', (38974, 1883)]
[1.6842151395746185e-06, 'DNUNPR42', (1566, 1883)]
[1.674739860013652e-06, 'DECIDE42', (26303, 1883)]
[1.6445685482313621e-06, 'VISSTL12', (38974, 1883)]
[1.4644560025756093e-06, 'DVOTRI12', (38974, 1883)]
[1.4300029118619051e-06, 'REFPRS31', (37789, 1883)]
[1.414068835803306e-06, 'PUBP12X', (38974, 1883)]
[1.3819049530239269e-06, 'TAXFRM12', (11711, 1883)]
[1.3052614846742472e-06, 'BSTSRE53', (3657, 1883)]
[1.2682011724107767e-06, 'OPTOPU12', (38974, 1883)]
[1.258563237627186e-06, 'IPTOFD12', (38974, 1883)]
[1.258563237627186e-06, 'IPFOFD12', (38974, 1883)]
[1.2271320057877233e-06, 'OPVSTL12', (38974, 1883)]
[1.1928894466661788e-06, 'FTSTU12X', (4473, 1883)]
[1.0976572840659671e-06, 'DVOOFD12', (38974, 1883)]
[1.0747919982900811e-06, 'JOBRSN42', (9181, 1883)]
[1.0203580959045055e-06, 'INSC1231', (38974, 1883)]
[1.00349051435078e-06, 'RXOFD12', (38974, 1883)]
[9.8164940598444161e-07, 'HHAOSR12', (38974, 1883)]
[9.5930749410833016e-07, 'SFFLAG42', (25110, 1883)]
[9.0241520622758031e-07, 'PREVEN42', (28045, 1883)]
[8.8761606331644316e-07, 'OBAOPU12', (38974, 1883)]
[8.487557109360111e-07, 'VISOPR12', (38974, 1883)]
[8.1613567870508774e-07, 'RXOPU12', (38974, 1883)]
[7.8109538848014637e-07, 'SELFCM31', (16041, 1883)]
[7.2656892435851717e-07, 'OBTOFD12', (38974, 1883)]
[7.2473502465975059e-07, 'ENDRFD12', (38963, 1883)]
[7.2452748001161638e-07, 'ERTOFD12', (38974, 1883)]
[7.2452748001161638e-07, 'ERFOFD12', (38974, 1883)]
[7.2109859960978184e-07, 'OPVOFD12', (38974, 1883)]
[6.8996631430451316e-07, 'DVOVA12', (38974, 1883)]
[5.1405903056522817e-07, 'HEARMO42', (1504, 1883)]
[3.796599251648658e-07, 'OPFOPU12', (38974, 1883)]
[3.3753756323307016e-07, 'VISOTH12', (38974, 1883)]
[2.7312806361035058e-07, 'OPAMA12', (37833, 1883)]
[2.0396052857751812e-07, 'TOTDED12', (756, 1883)]
[1.9544339846522263e-07, 'DVTTRI12', (38974, 1883)]
[1.951288488566405e-07, 'VISOSR12', (38974, 1883)]
[1.3343309879232379e-07, 'ZIFOSR12', (38974, 1883)]
[1.1351192574782232e-07, 'WASESTB', (766, 1883)]
[9.2183415567603788e-08, 'HHAOPU12', (38974, 1883)]
[8.6463378345946751e-08, 'OTHTRI12', (38974, 1883)]
[7.2722555088944318e-08, 'VISOPU12', (38974, 1883)]
[6.9675771818822341e-08, 'ZIDOPR12', (38974, 1883)]
[6.9675771818822341e-08, 'ZIDOTH12', (38974, 1883)]
[6.8013061627070215e-08, 'IPDSTL12', (38974, 1883)]
[5.6408139714747563e-08, 'INSCOP53', (38974, 1883)]
[4.9904813170797979e-08, 'IPFOSR12', (38974, 1883)]
[2.8169158117208326e-08, 'INSCOPE', (38974, 1883)]
[2.3283509786864443e-08, 'ZIFOTH12', (38974, 1883)]
[2.228115891789173e-08, 'PUBIMP12', (38974, 1883)]
[1.7595165546779867e-08, 'OPSSTL12', (38974, 1883)]
[1.2010247574245625e-08, 'OPVOPU12', (38974, 1883)]
[1.0107882975063376e-08, 'IPTOSR12', (38974, 1883)]
[7.0680290509272936e-09, 'ADPRX42', (25109, 1883)]
[3.051953800792262e-09, 'DVGOTH12', (38974, 1883)]]
