[[1.0, 'TOTSLF12', (38974, 1883)]
[0.38594122264232655, 'IPTSLF12', (38974, 1883)]
[0.36997001880963287, 'IPFSLF12', (38974, 1883)]
[0.26666090498024542, 'INSENDMM', (8, 1883)]
[0.17329000741378064, 'RXSLF12', (38974, 1883)]
[0.161829663221703, 'HHNSLF12', (38974, 1883)]
[0.1534751737523723, 'HHNEXP12', (38974, 1883)]
[0.14677447329786264, 'DVTSLF12', (38974, 1883)]
[0.14579274395517428, 'HHNTCH12', (38974, 1883)]
[0.11724865538201601, 'OBVSLF12', (38974, 1883)]
[0.09820418661527297, 'DVTEXP12', (38974, 1883)]
[0.094530803706074473, 'LYMPAGED', (47, 1883)]
[0.094205238889478959, 'TOTEXP12', (38974, 1883)]
[0.084459856397824606, 'OBDSLF12', (38974, 1883)]
[0.084253294304298842, 'DVTTCH12', (38974, 1883)]
[0.084133525192613301, 'BRSTREMS', (374, 1883)]
[0.081957215178915521, 'DVGSLF12', (38974, 1883)]
[0.075388680612496928, 'BRAIAGED', (19, 1883)]
[0.06191271641309759, 'INSENDYY', (10, 1883)]
[0.057962185442493985, 'DVGEXP12', (38974, 1883)]
[0.056467079403364484, 'HHINDD12', (38961, 1883)]
[0.054430054122580507, 'RXTOT12', (38974, 1883)]
[0.054009752372949804, 'OBTOTV12', (38974, 1883)]
[0.04895740212120836, 'DVGTCH12', (38974, 1883)]
[0.047846952231340278, 'OBOSLF12', (38974, 1883)]
[0.045819031901755847, 'ERTSLF12', (38974, 1883)]
[0.045362097206554708, 'OBDRV12', (38974, 1883)]
[0.043434090699411398, 'OTHSLF12', (38974, 1883)]
[0.042183745159021346, 'ADAPPT42', (24421, 1883)]
[0.042166620014751466, 'RXOSR12', (38974, 1883)]
[0.042001555575652771, 'DVTOT12', (38974, 1883)]
[0.041765916633461742, 'DVOSLF12', (38974, 1883)]
[0.041178992847002327, 'ERFSLF12', (38974, 1883)]
[0.037490286101879877, 'TOTTCH12', (38974, 1883)]
[0.03684619501613573, 'IPFEXP12', (38974, 1883)]
[0.036003336768961391, 'IPTEXP12', (38974, 1883)]
[0.034105659344077832, 'OBVEXP12', (38974, 1883)]
[0.033540575329479516, 'OPTSLF12', (38974, 1883)]
[0.032394590099013798, 'ASTHAGED', (3530, 1883)]
[0.031659360130018355, 'AGE12X', (38687, 1883)]
[0.031629388237963907, 'AGE53X', (38689, 1883)]
[0.031118445689009011, 'AGE42X', (38382, 1883)]
[0.030629558550617886, 'AGE31X', (37776, 1883)]
[0.030555846627325245, 'OPFSLF12', (38974, 1883)]
[0.030355199686511125, 'DVGEN12', (38974, 1883)]
[0.02920974298942558, 'ADSPEC42', (24438, 1883)]
[0.028327103522058361, 'DOBYY', (38974, 1883)]
[0.028297656252987746, 'AGELAST', (38974, 1883)]
[0.027345297177587491, 'DVOEXP12', (38974, 1883)]
[0.025401976910391699, 'NHRWG31', (899, 1883)]
[0.025225046321750932, 'MORECOVR', (159, 1883)]
[0.025129304620731929, 'ANYLIM12', (37358, 1883)]
[0.025010212852343505, 'OBOTHV12', (38974, 1883)]
[0.024425368136272163, 'OBDEXP12', (38974, 1883)]
[0.024307819109409601, 'RXPRV12', (38974, 1883)]
[0.024069857041092879, 'RXPTR12', (38974, 1883)]
[0.023512887841907193, 'TOTPTR12', (38974, 1883)]
[0.023448213336384027, 'TOTPRV12', (38974, 1883)]
[0.023241267953005962, 'WLKLIM31', (37643, 1883)]
[0.023170577647165791, 'OPVSLF12', (38974, 1883)]
[0.022803281766025973, 'IPDSLF12', (38974, 1883)]
[0.022657785046393153, 'IPDIS12', (38974, 1883)]
[0.022405344830850438, 'ADRTCR42', (24373, 1883)]
[0.022326920190510857, 'DVOTCH12', (38974, 1883)]
[0.021773640686992168, 'DDNSCL31', (9766, 1883)]
[0.020987194047812352, 'OTHEXP12', (38974, 1883)]
[0.0207407463606748, 'IPNGTD12', (38974, 1883)]
[0.020693585364907396, 'WLKLIM53', (38556, 1883)]
[0.020310356172790645, 'PSA53', (6406, 1883)]
[0.019830390332753911, 'IPTTCH12', (38974, 1883)]
[0.019736133529084099, 'PCS42', (24859, 1883)]
[0.019555453756892827, 'IPFTCH12', (38974, 1883)]
[0.018923080566482731, 'OPTEXP12', (38974, 1883)]
[0.018624670720183811, 'WRGLAS42', (38271, 1883)]
[0.01835569428426076, 'MCRJL12', (38156, 1883)]
[0.018224008164380634, 'MCRJU12', (38069, 1883)]
[0.018150333271675811, 'MCRJL12X', (38156, 1883)]
[0.018115152273464052, 'AIDHLP31', (37727, 1883)]
[0.018055762807738907, 'MCRMY12', (37994, 1883)]
[0.01798040431845771, 'MCRAP12', (37920, 1883)]
[0.017938967206916456, 'MCRJU12X', (38069, 1883)]
[0.017818398168628624, 'MCRMY12X', (37994, 1883)]
[0.017749078984910072, 'MCRAP12X', (37920, 1883)]
[0.017703338705896687, 'MCARE53', (38689, 1883)]
[0.017692790430194782, 'MCRMA12', (37833, 1883)]
[0.017584956622962111, 'MCARE12', (38687, 1883)]
[0.017555941670687414, 'ADPWLM42', (24863, 1883)]
[0.01752648863662154, 'MCRMA12X', (37833, 1883)]
[0.017435067890552602, 'MCARE53X', (38689, 1883)]
[0.01741851392624949, 'MCRNO12', (38529, 1883)]
[0.017362027527994761, 'MCRSE12', (38344, 1883)]
[0.017319613720676252, 'MCARE12X', (38687, 1883)]
[0.017306842041625581, 'MCRPB12', (38258, 1883)]
[0.017271409940445626, 'MCROC12', (38431, 1883)]
[0.017269314692691329, 'MCRDE12', (38602, 1883)]
[0.017220600834301769, 'MCRSE12X', (38344, 1883)]
[0.017214754305647229, 'MCRNO12X', (38529, 1883)]
[0.017170262882592824, 'JTPAIN31', (27015, 1883)]
[0.017128226592511564, 'MCRAU12', (38265, 1883)]
[0.017109973303108039, 'MCROC12X', (38431, 1883)]
[0.017100462968310359, 'PMEDPP31', (12816, 1883)]
[0.017083692988791865, 'MCRAU12X', (38265, 1883)]
[0.017024215490381023, 'MCRDE12X', (38602, 1883)]
[0.016754594433782466, 'MCARE42', (38382, 1883)]
[0.016654236578939385, 'OPFEXP12', (38974, 1883)]
[0.016603173674664573, 'MCARE42X', (38382, 1883)]
[0.01657224388018308, 'MCRPB42', (37966, 1883)]
[0.016465300411613315, 'COLOREMS', (122, 1883)]
[0.016442971452517718, 'SSECP12X', (38974, 1883)]
[0.016410551939668672, 'ACTLIM53', (35662, 1883)]
[0.016291555878685138, 'ADCLIM42', (24822, 1883)]
[0.016261475007074755, 'CHNDCR42', (7937, 1883)]
[0.016248300477411104, 'EVRWRK', (9584, 1883)]
[0.016208167316606015, 'OBOEXP12', (38974, 1883)]
[0.01619801943596666, 'OHRTAGED', (2299, 1883)]
[0.016118030936928429, 'SAQWT12F', (38974, 1883)]
[0.016038164648884634, 'ARTHDX', (28034, 1883)]
[0.015904717883151065, 'OTHRAGED', (459, 1883)]
[0.015819782131467508, 'OTHTCH12', (38974, 1883)]
[0.015798426031239488, 'MCRPB31', (37360, 1883)]
[0.015758851674315122, 'AIDHLP53', (38621, 1883)]
[0.015545828864179434, 'CHSPEC42', (10730, 1883)]
[0.015545487246821033, 'MCRPD12', (38297, 1883)]
[0.015542814111337178, 'ADDAYA42', (24874, 1883)]
[0.015448070802768665, 'MCRJA12', (37649, 1883)]
[0.015419191943875643, 'RUSIZE42', (38382, 1883)]
[0.015404578749622422, 'PMEDPP42', (14191, 1883)]
[0.015385157376659242, 'MCRFE12', (37732, 1883)]
[0.015324948726115117, 'MCARE31', (37776, 1883)]
[0.015277552374319936, 'RUSIZE31', (37776, 1883)]
[0.015266532333763405, 'FAMSZE42', (38378, 1883)]
[0.015237356249876766, 'FAMSZE31', (37777, 1883)]
[0.015211129480934837, 'ERTEXP12', (38974, 1883)]
[0.015209435361782098, 'MCRJA12X', (37649, 1883)]
[0.01520875743475647, 'MCRFE12X', (37732, 1883)]
[0.015108670842225225, 'MCREV12', (38974, 1883)]
[0.015080645017069294, 'MCDJL12X', (38156, 1883)]
[0.015060266692530799, 'MCARE31X', (37776, 1883)]
[0.015053137541292894, 'RXEXP12', (38974, 1883)]
[0.015045533367858632, 'MCDMY12X', (37994, 1883)]
[0.015016933734810722, 'RUSIZE53', (38689, 1883)]
[0.01498366816134189, 'MARRY53X', (38681, 1883)]
[0.014951738127857772, 'RUSIZE12', (38687, 1883)]
[0.014949439861524527, 'MCRPHO12', (38266, 1883)]
[0.01488765786618218, 'MCDJU12X', (38069, 1883)]
[0.014883486668298973, 'MCDAP12X', (37920, 1883)]
[0.014878573958750696, 'MCDJL12', (38156, 1883)]
[0.014818610540839772, 'FAMSZE53', (38685, 1883)]
[0.014816506210840297, 'MCDMY12', (37994, 1883)]
[0.014796933070747587, 'PERWT12F', (38974, 1883)]
[0.014782493779821881, 'MARRY42X', (38376, 1883)]
[0.014761213772070847, 'MCDMA12X', (37833, 1883)]
[0.014753037047514406, 'FAMSZE12', (38683, 1883)]
[0.014705278270530697, 'MCDAP12', (37920, 1883)]
[0.014701427079528928, 'MCDJU12', (38069, 1883)]
[0.014605643393596046, 'MCDMA12', (37833, 1883)]
[0.014600616050231441, 'MCRPD42', (37987, 1883)]
[0.014329838876891543, 'FAMS1231', (37574, 1883)]
[0.014231162457637891, 'OBVPRV12', (38974, 1883)]
[0.014173330418072672, 'ACTLIM31', (34697, 1883)]
[0.014132892889520243, 'CHPMED42', (10752, 1883)]
[0.014101403836621618, 'OBVPTR12', (38974, 1883)]
[0.014100917305362337, 'ADPALS42', (24849, 1883)]
[0.014095923254041853, 'MARRY12X', (38965, 1883)]
[0.014085176948863021, 'JTPAIN53', (27599, 1883)]
[0.014075022465290132, 'MCDSE12X', (38344, 1883)]
[0.014050083010892944, 'OPVVA12', (38974, 1883)]
[0.014021450639092214, 'OPTVA12', (38974, 1883)]
[0.014014262847626746, 'OPFVA12', (38974, 1883)]
[0.013938496648162046, 'MCDSE12', (38344, 1883)]
[0.013913405256455125, 'CHAPPT42', (10639, 1883)]
[0.013844569302306597, 'MCDOC12X', (38431, 1883)]
[0.013815525167997, 'MCDNO12X', (38529, 1883)]
[0.013799586136561404, 'MCRPHO42', (37914, 1883)]
[0.013721254095175217, 'MCDOC12', (38431, 1883)]
[0.013692082993768673, 'MCDNO12', (38529, 1883)]
[0.013643325361928249, 'MCDAT53X', (38689, 1883)]
[0.013615040562075742, 'MCDDE12X', (38602, 1883)]
[0.013614762101445743, 'SKNMAGED', (339, 1883)]
[0.013604240591903682, 'MCDAT12X', (38687, 1883)]
[0.013556776709293561, 'MCDAU12X', (38265, 1883)]
[0.013515012519476732, 'MARRY31X', (37771, 1883)]
[0.013503490425358367, 'OPTTCH12', (38974, 1883)]
[0.013497274200990672, 'FLUSHT53', (26617, 1883)]
[0.013489885029139392, 'MCDDE12', (38602, 1883)]
[0.013485047893495694, 'MCAID12X', (38687, 1883)]
[0.013427308218967648, 'MCDFE12X', (37732, 1883)]
[0.013384800624555271, 'MCDFE12', (37732, 1883)]
[0.013373345799677749, 'MCAID12', (38687, 1883)]
[0.013365453528773275, 'WILFIL12', (24437, 1883)]
[0.013354785860110963, 'MCDAU12', (38265, 1883)]
[0.013318883721912145, 'RTHLTH42', (38193, 1883)]
[0.013310554305017708, 'MCAID53X', (38689, 1883)]
[0.013281070500998471, 'MCAID31X', (37776, 1883)]
[0.013265813157957829, 'MCAID31', (37776, 1883)]
[0.013230946599674276, 'MCAID53', (38689, 1883)]
[0.013112132163397905, 'MCRPD12X', (38400, 1883)]
[0.013107406809553468, 'MCDAT31X', (37776, 1883)]
[0.013075332787764404, 'MCRPD31', (37321, 1883)]
[0.013060134592044026, 'ADNSMK42', (4185, 1883)]
[0.013051011728706707, 'PBPWKT42', (68, 1883)]
[0.013026497711111862, 'USLIVE42', (7988, 1883)]
[0.012955036811936105, 'MCDAT42X', (38382, 1883)]
[0.012950652366514048, 'POVLEV12', (38960, 1883)]
[0.012841252350376808, 'MCAID42X', (38382, 1883)]
[0.012768150488117525, 'ERFEXP12', (38974, 1883)]
[0.012681960769504452, 'MCAID42', (38382, 1883)]
[0.012642216669634943, 'MCDJA12X', (37649, 1883)]
[0.012626282755971774, 'ADPAIN42', (24835, 1883)]
[0.012618550055683797, 'FAMSZEYR', (38974, 1883)]
[0.012605146638920428, 'RTHLTH53', (38508, 1883)]
[0.012601267606919042, 'MCDJA12', (37649, 1883)]
[0.012594997687861098, 'VISSLF12', (38974, 1883)]
[0.012574651865894793, 'MCDHMO12', (38053, 1883)]
[0.012547488300051257, 'DSINSU53', (2326, 1883)]
[0.01251948060497432, 'HONRDC31', (37682, 1883)]
[0.012519303488172095, 'ADILCR42', (24571, 1883)]
[0.0124701116846756, 'IPDEXP12', (38974, 1883)]
[0.01245713834287443, 'MCRPHO31', (37270, 1883)]
[0.012418188411932873, 'RTHLTH31', (37661, 1883)]
[0.012409028340946371, 'FCSZ1231', (37231, 1883)]
[0.012390745410956527, 'ADNDCR42', (15606, 1883)]
[0.012331231490550487, 'TOTMCR12', (38974, 1883)]
[0.012323341755390294, 'BPMONT53', (21569, 1883)]
[0.012311271340498919, 'MCRPD42X', (38083, 1883)]
[0.012269601209147663, 'HONRDC53', (38581, 1883)]
[0.012263148587670081, 'HONRDC42', (38283, 1883)]
[0.012199830865558314, 'OPDEXP12', (38974, 1883)]
[0.012114220219777261, 'RURSLT31', (37790, 1883)]
[0.011987189991122249, 'MCDHMO31', (37225, 1883)]
[0.01193583043668911, 'MCDMC12', (38193, 1883)]
[0.011905208119683319, 'SPOUIN53', (38681, 1883)]
[0.011873331807692233, 'NOASPR53', (22794, 1883)]
[0.011871333201926682, 'MCDEV12', (38974, 1883)]
[0.011864854937172598, 'SPOUIN31', (37771, 1883)]
[0.011832735617976708, 'OPVEXP12', (38974, 1883)]
[0.011788063190575571, 'MCDHMO42', (37760, 1883)]
[0.011722764923547735, 'BLDRAGED', (41, 1883)]
[0.011674484479152758, 'MCDMC42', (37903, 1883)]
[0.011632255620942278, 'SPOUIN42', (38376, 1883)]
[0.011616411425828366, 'OPDTCH12', (38974, 1883)]
[0.011547058214435246, 'THYRAGED', (68, 1883)]
[0.011467774107321582, 'MCDMC31', (37338, 1883)]
[0.011401227504776901, 'ASPRIN53', (27277, 1883)]
[0.011344256984898493, 'TOTVA12', (38974, 1883)]
[0.011245936327936468, 'CHOLCK53', (25618, 1883)]
[0.011219232263653622, 'ADNRGY42', (24902, 1883)]
[0.011199269675360224, 'DDNWRK53', (17783, 1883)]
[0.011040938459416005, 'SOCLIM53', (38572, 1883)]
[0.011028154491950271, 'OPVTCH12', (38974, 1883)]
[0.011022637853109307, 'ZIFSLF12', (38974, 1883)]
[0.011001422960419949, 'MCRPD31X', (37430, 1883)]
[0.010903185072597243, 'HEARAD42', (38275, 1883)]
[0.010878237130389712, 'ERDSLF12', (38974, 1883)]
[0.010867737379867015, 'DVTPTR12', (38974, 1883)]
[0.010821745461376042, 'OPFTCH12', (38974, 1883)]
[0.010818301701672084, 'DVTPRV12', (38974, 1883)]
[0.010766114095698276, 'BPCHEK53', (26575, 1883)]
[0.010730503708800132, 'EDUCYR', (16643, 1883)]
[0.010628758761755397, 'POVCAT12', (38974, 1883)]
[0.010363520988307839, 'THRTAGED', (21, 1883)]
[0.010288541511519367, 'HHTOTD12', (38893, 1883)]
[0.010264175787753405, 'PBINFM42', (673, 1883)]
[0.010263647477823157, 'SPOUIN12', (38965, 1883)]
[0.010242728917998045, 'AMTHER12', (38974, 1883)]
[0.010223933721430933, 'OPSTCH12', (38974, 1883)]
[0.010172801950240395, 'OPSEXP12', (38974, 1883)]
[0.010134108688098387, 'TTLP12X', (38953, 1883)]
[0.010126600815081876, 'EDRECODE', (34757, 1883)]
[0.010113637896137173, 'ADDRBP42', (24565, 1883)]
[0.010024070288273901, 'FAMWT12F', (38974, 1883)]
[0.0099548323103387792, 'IPDTCH12', (38974, 1883)]
[0.0099273921651626962, 'RESP53', (38974, 1883)]
[0.0098725660505090129, 'WKINBD53', (2672, 1883)]
[0.0097794857423740833, 'PENSP12X', (38974, 1883)]
[0.0097489727093418299, 'CANCERDX', (28042, 1883)]
[0.009729431663882071, 'ASPREV53', (3611, 1883)]
[0.0095874975829878251, 'OBTHER12', (38974, 1883)]
[0.0094891055772903243, 'PRIJL12', (38156, 1883)]
[0.009481593267256283, 'CSHCN42', (10789, 1883)]
[0.0094338513800116264, 'OBDPRV12', (38974, 1883)]
[0.0094288478529019892, 'PRVDRL31', (35926, 1883)]
[0.0093904954367902693, 'DDNWRK42', (17641, 1883)]
[0.0093789170840693492, 'FAMWT12C', (38974, 1883)]
[0.0093760558875877198, 'OBDPTR12', (38974, 1883)]
[0.0093711188317046057, 'PRSTREMS', (273, 1883)]
[0.0093283631593852334, 'DIABW12F', (38974, 1883)]
[0.0093118701067884668, 'HEARDI42', (38271, 1883)]
[0.0093100044620250122, 'HIBPDX', (28028, 1883)]
[0.0093073308254606468, 'CHOLDX', (28014, 1883)]
[0.0092909978682859107, 'PRIJU12', (38069, 1883)]
[0.0092853279039668557, 'PRIMY12', (37994, 1883)]
[0.0092573921685262794, 'PRIAP12', (37920, 1883)]
[0.0091832036994201616, 'PMEDPY31', (11334, 1883)]
[0.0091289140941910318, 'OPDPTR12', (38974, 1883)]
[0.0091216624212658859, 'OPDPRV12', (38974, 1883)]
[0.0091186064717214688, 'PRVDRL42', (36321, 1883)]
[0.0091115254277904789, 'PRIMA12', (37833, 1883)]
[0.0090934077392740287, 'PMEDPY42', (12480, 1883)]
[0.0090789904020281975, 'STJBYY31', (15481, 1883)]
[0.00905160481640499, 'AMTSLF12', (38974, 1883)]
[0.0089979203805617969, 'SOCLIM31', (37708, 1883)]
[0.0089911601837608934, 'CLNTST53', (14969, 1883)]
[0.0089836977221796621, 'PRVDRL12', (36639, 1883)]
[0.0089743424027282082, 'RESP12', (38974, 1883)]
[0.0088563945871897864, 'PRVMNC31', (36073, 1883)]
[0.0087181917681303789, 'IADLHP42', (38259, 1883)]
[0.0087047613767614607, 'PRIJA12', (37649, 1883)]
[0.0086679999539232, 'ERDEXP12', (38974, 1883)]
[0.0086466910632841953, 'PMEDPP53', (14065, 1883)]
[0.0086289006894046949, 'CHECK53', (26397, 1883)]
[0.008621751886644935, 'IPFVA12', (38974, 1883)]
[0.0085955926366032553, 'IPTVA12', (38974, 1883)]
[0.0085838770344119908, 'OPSVA12', (38974, 1883)]
[0.0085834435764367001, 'OPTOTV12', (38974, 1883)]
[0.0085537808991942299, 'DVGPRV12', (38974, 1883)]
[0.0085433945740771566, 'PRIFE12', (37732, 1883)]
[0.0085411983946562797, 'PRIV31', (37776, 1883)]
[0.0085323740996867681, 'PRIVAT31', (37776, 1883)]
[0.0085093849360610152, 'DVGPTR12', (38974, 1883)]
[0.0084669853501514458, 'WKINBD42', (3162, 1883)]
[0.0084514963672308596, 'OBTSLF12', (38974, 1883)]
[0.0083625961125505244, 'CHSERV42', (10724, 1883)]
[0.0083408870294323645, 'PRVMNC42', (36481, 1883)]
[0.0083185808090644464, 'ERTOT12', (38974, 1883)]
[0.0082797522104351984, 'OBOPRV12', (38974, 1883)]
[0.0082110535005595064, 'APRDLT42', (137, 1883)]
[0.0081662548704922733, 'COVRMM', (648, 1883)]
[0.0081232618635952436, 'HRWG31X', (14091, 1883)]
[0.0081038646973322637, 'OBOPTR12', (38974, 1883)]
[0.0081016887425455764, 'DEDUCT12', (4895, 1883)]
[0.0080972513935280155, 'AMCSLF12', (38974, 1883)]
[0.0080506985154350508, 'BSNTY31', (1732, 1883)]
[0.0080476566038303332, 'PRIVAT42', (38382, 1883)]
[0.0080133650294784697, 'OBCSLF12', (38974, 1883)]
[0.0080064214737612938, 'FAMRFPYR', (38974, 1883)]
[0.0079994577854439752, 'TOTDED12', (756, 1883)]
[0.0079629068707058881, 'RESP42', (38974, 1883)]
[0.0078445724840240372, 'ADGENH42', (24807, 1883)]
[0.0078387881986853314, 'CHRTCR42', (10700, 1883)]
[0.0078383054999646706, 'OBDTCH12', (38974, 1883)]
[0.0078374718104773367, 'OBVMCR12', (38974, 1883)]
[0.0078190908173080276, 'LUNGAGED', (49, 1883)]
[0.0077501399326689313, 'OPSPRV12', (38974, 1883)]
[0.0077403303154309766, 'OPSPTR12', (38974, 1883)]
[0.0077202043209241289, 'PRIV42', (38382, 1883)]
[0.0077179194148945252, 'HPRJL12', (38156, 1883)]
[0.0077077387945324594, 'PRIVAT12', (38687, 1883)]
[0.0077034094264992747, 'PRIVAT53', (38689, 1883)]
[0.0076554587226951298, 'SCLNBD42', (1656, 1883)]
[0.0076285244831476584, 'PRIV53', (38689, 1883)]
[0.0076278267807958766, 'OPOSLF12', (38974, 1883)]
[0.0076178769184302997, 'HHAPRV12', (38974, 1883)]
[0.0076178769184302997, 'HHAPTR12', (38974, 1883)]
[0.0076178237535718951, 'PRIV12', (38687, 1883)]
[0.0076007338713717232, 'PRIDE12', (38602, 1883)]
[0.0075664054509647638, 'ADSOCA42', (24910, 1883)]
[0.0075560909121487052, 'PRIAU12', (38265, 1883)]
[0.0075480536841595613, 'PRISE12', (38344, 1883)]
[0.007531241613239481, 'ADLHLP42', (38254, 1883)]
[0.0074999758268115002, 'CLMHIP12', (2937, 1883)]
[0.0074954285993621417, 'PRVMNC12', (36785, 1883)]
[0.0074419612748128916, 'HPRMY12', (37994, 1883)]
[0.0074384252327857059, 'PRIOC12', (38431, 1883)]
[0.0074372827707606115, 'OPTPRV12', (38974, 1883)]
[0.0074296766325518959, 'OPTPTR12', (38974, 1883)]
[0.0074281855843485456, 'IADLHP53', (38613, 1883)]
[0.0074045846454934283, 'HPRJA12', (37649, 1883)]
[0.0074038611167202006, 'PRINO12', (38529, 1883)]
[0.0073947120279436174, 'HPRJU12', (38069, 1883)]
[0.007372957017633186, 'HPRAP12', (37920, 1883)]
[0.0073707042949706647, 'PMDLRS42', (832, 1883)]
[0.0073480450252657592, 'ACTDTY53', (38681, 1883)]
[0.0073244275975141715, 'PMEDIN31', (37776, 1883)]
[0.007283959686467445, 'HPRMA12', (37833, 1883)]
[0.0072634537503406538, 'PRVEV12', (38974, 1883)]
[0.0072023952200162, 'FCRP1231', (38531, 1883)]
[0.007201462837621686, 'OHRTDX', (28036, 1883)]
[0.0071928371306312355, 'OPOEXP12', (38974, 1883)]
[0.0071260012373306481, 'HISPANX', (38974, 1883)]
[0.0070964621894242796, 'PMDINS31', (37776, 1883)]
[0.0070631410949151263, 'OBVTCH12', (38974, 1883)]
[0.007061780004164242, 'HYSTER53', (14508, 1883)]
[0.0070574749244434187, 'DDBDYS53', (37672, 1883)]
[0.0070094819269123088, 'HPRFE12', (37732, 1883)]
[0.0070093085715322578, 'GOTOUS42', (28068, 1883)]
[0.0070032521581591123, 'OPDSLF12', (38974, 1883)]
[0.0069466435295111317, 'DVORTH12', (38974, 1883)]
[0.0069128145216735826, 'ACTDTY42', (38375, 1883)]
[0.0068876941570311656, 'SPOUID31', (37781, 1883)]
[0.0068797849070066919, 'DIABDX', (28048, 1883)]
[0.0068695404721189623, 'HRHOW42', (2305, 1883)]
[0.0068458397426029993, 'OCCCAT31', (16062, 1883)]
[0.0068041687726236866, 'PMNCNP12', (1675, 1883)]
[0.0067808865968860266, 'SPOUID53', (38689, 1883)]
[0.0067505452933449561, 'RETPLN31', (13528, 1883)]
[0.0067399974484564362, 'PMEDPY53', (12519, 1883)]
[0.0066158537801489503, 'PROXY42', (38391, 1883)]
[0.0066106870256903427, 'ASDALY53', (1194, 1883)]
[0.0065921060914823082, 'SPOUID42', (38382, 1883)]
[0.0065798396787350999, 'CHDDX', (28036, 1883)]
[0.0065780775475396958, 'HEARNG42', (38258, 1883)]
[0.006566086420847439, 'OBDMCR12', (38974, 1883)]
[0.0065125034578886742, 'PMEDIN42', (38382, 1883)]
[0.0064868493938746719, 'ADLHLP53', (38614, 1883)]
[0.0064383887278015584, 'CHTHHB42', (545, 1883)]
[0.0064190585401581179, 'COGLIM31', (26926, 1883)]
[0.0063687052765027952, 'IADLHP31', (37703, 1883)]
[0.0063624599063785148, 'AMNSLF12', (38974, 1883)]
[0.0063028904888515758, 'CHOLAGED', (7183, 1883)]
[0.0062832884031640557, 'HPRAU12', (38265, 1883)]
[0.0062714781783018703, 'IPTMCR12', (38974, 1883)]
[0.006250234389544751, 'AMTEXP12', (38974, 1883)]
[0.0062399296667012827, 'STJBYY42', (2412, 1883)]
[0.0062218607312083396, 'OBTEXP12', (38974, 1883)]
[0.0062053450765465756, 'DDBDYS42', (37379, 1883)]
[0.006153304559669226, 'HSPLAP42', (11417, 1883)]
[0.0061428125465222694, 'ERDTCH12', (38974, 1883)]
[0.0061176864876260062, 'IPFMCR12', (38974, 1883)]
[0.0061079143281745907, 'HPRSE12', (38344, 1883)]
[0.0060868444830737278, 'OBNSLF12', (38974, 1883)]
[0.0060540612285588935, 'PEGJA12', (37649, 1883)]
[0.0060257697323191639, 'ACTDTY31', (37754, 1883)]
[0.0060230550224782409, 'VISEXP12', (38974, 1883)]
[0.0060197361419379591, 'PMDLAY42', (38131, 1883)]
[0.0060192747168639205, 'DSEB1153', (2314, 1883)]
[0.0060156396131539891, 'PEGMY12', (37994, 1883)]
[0.0060026157488528575, 'PEGAP12', (37920, 1883)]
[0.0059982986123491289, 'MNHLTH42', (38181, 1883)]
[0.0059822582643215272, 'PMEDIN53', (38687, 1883)]
[0.005978509706535462, 'ADINSA42', (24642, 1883)]
[0.0059774545072202034, 'OPDVA12', (38974, 1883)]
[0.0059728930210419806, 'PEGMA12', (37833, 1883)]
[0.0059357382554998672, 'HPROC12', (38431, 1883)]
[0.005930037733957727, 'HPRDE12', (38602, 1883)]
[0.0059147548020719309, 'PMDINS12', (38687, 1883)]
[0.0059117243617872184, 'AMCHIR12', (38974, 1883)]
[0.0059035970563287021, 'PEGJL12', (38156, 1883)]
[0.0058875099169117817, 'HPRNO12', (38529, 1883)]
[0.0058866237361293594, 'WASESTB', (766, 1883)]
[0.0058783426654275273, 'PEGJU12', (38069, 1883)]
[0.0058782618970651956, 'OBCHIR12', (38974, 1883)]
[0.0058569218981917581, 'PRIEU31', (37776, 1883)]
[0.0058403145357905917, 'ASACUT53', (3626, 1883)]
[0.0058316047450470698, 'ADEFRT42', (24682, 1883)]
[0.0058159687688064121, 'ADFFRM42', (15610, 1883)]
[0.0057777773415669254, 'OPOVA12', (38974, 1883)]
[0.0057776227090404753, 'PEGFE12', (37732, 1883)]
[0.0057770674811111755, 'WASMCAID', (766, 1883)]
[0.0057620535851165, 'FSAAMT31', (2298, 1883)]
[0.0057174341376710069, 'ADINST42', (15633, 1883)]
[0.005703125306591561, 'PROXY53', (38717, 1883)]
[0.0056957279108651448, 'LANGHM42', (38222, 1883)]
[0.005675748974105943, 'COGLIM53', (27694, 1883)]
[0.0056718240425923661, 'FOODST12', (38592, 1883)]
[0.0056434596454791874, 'CHILCR42', (10744, 1883)]
[0.0055876137390095115, 'CHEYRE42', (1544, 1883)]
[0.0055820258198586714, 'MDUNPR42', (983, 1883)]
[0.0055747095723953644, 'SPOUID12', (38974, 1883)]
[0.0054441919041939846, 'DDNSCL42', (9820, 1883)]
[0.0054328355670831829, 'VISTCH12', (38974, 1883)]
[0.0054321881136222272, 'OPSSLF12', (38974, 1883)]
[0.0054098942137609241, 'DDNWRK31', (17241, 1883)]
[0.0053751717786891806, 'THRTREMS', (21, 1883)]
[0.0053521790888874099, 'NHRWG53', (1737, 1883)]
[0.0053184018260730159, 'SAQELIG', (38974, 1883)]
[0.005302200733131035, 'INSCOV12', (38974, 1883)]
[0.0052361909005570473, 'HAVEUS42', (37304, 1883)]
[0.0052199752893630214, 'MNHLTH31', (37642, 1883)]
[0.0052059360727529924, 'OPDRV12', (38974, 1883)]
[0.0051954372768701074, 'HPEJA12', (37649, 1883)]
[0.0050830411592588387, 'WASPRIV', (766, 1883)]
[0.0050781882538822876, 'CHDAGED', (1307, 1883)]
[0.0050525331155776287, 'MNHLTH53', (38503, 1883)]
[0.0049631810271564269, 'CHLIHB42', (509, 1883)]
[0.0049464284984793716, 'RURSLT42', (38393, 1883)]
[0.0049454328760667465, 'OPOTHV12', (38974, 1883)]
[0.0049328153488759074, 'ADNERV42', (24767, 1883)]
[0.0049288900953834425, 'OPFPRV12', (38974, 1883)]
[0.0049185020036395244, 'OPFPTR12', (38974, 1883)]
[0.0048851930255899845, 'WKINBD31', (2425, 1883)]
[0.0048487727469549435, 'SKDKAGED', (230, 1883)]
[0.0048450940145863264, 'PRIEU42', (38382, 1883)]
[0.00483972876155081, 'PBPWKM42', (1602, 1883)]
[0.0048109694965386973, 'NOFAT53', (26794, 1883)]
[0.0047892627108720998, 'YNOINS53', (1112, 1883)]
[0.0047763084677272527, 'ANGIAGED', (567, 1883)]
[0.0047581265850179522, 'IPTPRV12', (38974, 1883)]
[0.004753389322870949, 'IPTPTR12', (38974, 1883)]
[0.004728478262633895, 'ADLANG42', (25110, 1883)]
[0.0047223511778569094, 'PRVHMO31', (35910, 1883)]
[0.004688175216523538, 'FAMINC12', (38960, 1883)]
[0.0046804229403585307, 'ADMALS42', (24878, 1883)]
[0.0046790186835632408, 'HPEFE12', (37732, 1883)]
[0.0046505866680550678, 'HPEMY12', (37994, 1883)]
[0.0046483597073335714, 'K6SUM42', (24463, 1883)]
[0.0046298259575893175, 'HPEJL12', (38156, 1883)]
[0.0046227881238396495, 'HPEMA12', (37833, 1883)]
[0.0046056757686872007, 'HPEAP12', (37920, 1883)]
[0.0045994804387903265, 'HEARSM42', (125, 1883)]
[0.0045794781078500879, 'ERTTCH12', (38974, 1883)]
[0.0045365950694260526, 'PEGAU12', (38265, 1883)]
[0.0045291621337156807, 'PRIEU53', (38689, 1883)]
[0.0045255720554385759, 'ADMWLM42', (24738, 1883)]
[0.0045230737435401069, 'PEGDE12', (38602, 1883)]
[0.0045102363665600054, 'OCCCAT42', (2498, 1883)]
[0.0044911694715024097, 'PRIEU12', (38687, 1883)]
[0.0044899251547916297, 'HPEJU12', (38069, 1883)]
[0.0044740060342264298, 'WCMPP12X', (38974, 1883)]
[0.0044715610025521935, 'DIVDP12X', (38974, 1883)]
[0.0044686296716187623, 'IPFPRV12', (38974, 1883)]
[0.0044650291230263761, 'IPFPTR12', (38974, 1883)]
[0.0044579157616216891, 'DSFL1153', (2293, 1883)]
[0.0044567202930513306, 'THYRREMS', (68, 1883)]
[0.0044458334896297913, 'DSFTNV53', (2285, 1883)]
[0.0044402214293286502, 'PEGSE12', (38344, 1883)]
[0.004439434478638149, 'PEGOC12', (38431, 1883)]
[0.0044362689132357858, 'CHCOUN42', (10746, 1883)]
[0.0044312535451279667, 'IPDPRV12', (38974, 1883)]
[0.0044235388042669355, 'CLMDEP12', (15510, 1883)]
[0.0044200363484997451, 'AMCEXP12', (38974, 1883)]
[0.0044164888438872341, 'PEGNO12', (38529, 1883)]
[0.0044155640728694712, 'IPDPTR12', (38974, 1883)]
[0.0044080372358106246, 'ASPKFL53', (3634, 1883)]
[0.0044036502665688593, 'FOODVL12', (7618, 1883)]
[0.0043991383132708783, 'AMNURS12', (38974, 1883)]
[0.0043673133065700309, 'ADHDAGED', (842, 1883)]
[0.0043629066533339422, 'EXRCIS53', (26829, 1883)]
[0.0043615261213253431, 'PROXY12', (38974, 1883)]
[0.0043314899808387652, 'AMTPRV12', (38974, 1883)]
[0.0043234962465895643, 'ENGCMF42', (38179, 1883)]
[0.004321885800273817, 'OBCEXP12', (38974, 1883)]
[0.0042945254667964283, 'PROXY31', (37789, 1883)]
[0.0042695261631325865, 'AMTPTR12', (38974, 1883)]
[0.004256654451697206, 'ZIFEXP12', (38974, 1883)]
[0.0041870738877112235, 'ERTPRV12', (38974, 1883)]
[0.0041837657487444613, 'CHPMCN42', (1662, 1883)]
[0.0041799865032310368, 'RFREL42X', (38382, 1883)]
[0.004140677692705097, 'ERTPTR12', (38974, 1883)]
[0.004131170943018514, 'RFREL53X', (38689, 1883)]
[0.0041221483074714849, 'RESP31', (38974, 1883)]
[0.0041003302781161821, 'DSFLNV53', (2293, 1883)]
[0.0040904047822567513, 'DSVB1153', (2293, 1883)]
[0.0040831850705829176, 'OBTPRV12', (38974, 1883)]
[0.004066821244579133, 'IPDMCR12', (38974, 1883)]
[0.0040632071991101304, 'DDBDYS31', (36866, 1883)]
[0.0040147987241129224, 'OBTPTR12', (38974, 1883)]
[0.0040114388164744774, 'PRVHMO42', (36299, 1883)]
[0.0040062860540228673, 'OBNURS12', (38974, 1883)]
[0.004005649154562696, 'MELAREMS', (137, 1883)]
[0.0039471418519810841, 'WHITPR42', (11295, 1883)]
[0.003945705065463545, 'STRKDX', (28043, 1883)]
[0.0039370238410438851, 'CHLIMI42', (10753, 1883)]
[0.0039233117460093503, 'PRVHMO12', (36623, 1883)]
[0.0039023016167845093, 'IRASP12X', (38974, 1883)]
[0.0038932210383985089, 'SIBPRO42', (7842, 1883)]
[0.003849855823823134, 'EICRDT12', (5962, 1883)]
[0.003824520751682825, 'MIDX', (28040, 1883)]
[0.0038171015014137888, 'OBTTCH12', (38974, 1883)]
[0.0038059392990150709, 'OPOPRV12', (38974, 1883)]
[0.003783168306395468, 'RFREL31X', (37781, 1883)]
[0.0037585155724715325, 'SEEDIF42', (38244, 1883)]
[0.0037406265000160532, 'OPOPTR12', (38974, 1883)]
[0.0037385487246206495, 'PROVTY42', (28084, 1883)]
[0.0037318043343145257, 'BLDRREMS', (40, 1883)]
[0.0037151287258294641, 'RXMCR12', (38974, 1883)]
[0.0037018122350493954, 'PHMONP31', (4763, 1883)]
[0.0036929888411326717, 'HRWG42X', (2293, 1883)]
[0.0036713812385948952, 'HPEAU12', (38265, 1883)]
[0.0036659526599128744, 'ERFTCH12', (38974, 1883)]
[0.0036432086278492815, 'ADREST42', (24714, 1883)]
[0.0036314127328807011, 'HIBPAGED', (8317, 1883)]
[0.0036029603653586761, 'WRKLIM53', (2643, 1883)]
[0.0035912018262111989, 'RFREL12X', (38974, 1883)]
[0.0035091558136790546, 'OBESLF12', (38974, 1883)]
[0.0035091313778746747, 'AMESLF12', (38974, 1883)]
[0.0035053802039511917, 'DVOPTR12', (38974, 1883)]
[0.0035034285160270295, 'HPESE12', (38344, 1883)]
[0.0034748287793452404, 'DVOPRV12', (38974, 1883)]
[0.0034675519341843541, 'HPEOC12', (38431, 1883)]
[0.003439211316221491, 'FSAGT31', (36720, 1883)]
[0.0034261831709243573, 'HPENO12', (38529, 1883)]
[0.0034162300990283612, 'HPEDE12', (38602, 1883)]
[0.0034158563564059552, 'STJBYY53', (2059, 1883)]
[0.0034102399722792942, 'ERFPRV12', (38974, 1883)]
[0.0033829217745000584, 'CAPROSTA', (939, 1883)]
[0.0033661273680747339, 'ADLHLP31', (37696, 1883)]
[0.0033647081940394452, 'MDUNRS42', (989, 1883)]
[0.0033584116055915825, 'RURSLT53', (38717, 1883)]
[0.0033580296495959727, 'ERFPTR12', (38974, 1883)]
[0.0033533049055923803, 'ADOVER42', (24616, 1883)]
[0.0033280702851614663, 'MAMOGR53', (10643, 1883)]
[0.003313504944191914, 'DIVIMP12', (38974, 1883)]
[0.0033130052757154305, 'PBSVCM42', (1101, 1883)]
[0.0032600002478964107, 'OFFER42X', (13227, 1883)]
[0.0032476045968128364, 'OPVPRV12', (38974, 1883)]
[0.00324496597092927, 'OPVPTR12', (38974, 1883)]
[0.0032426591921081993, 'OTHPRV12', (38974, 1883)]
[0.0032290083201798048, 'OTHPTR12', (38974, 1883)]
[0.0032248577312420368, 'INTIMP12', (38974, 1883)]
[0.0032097121757862501, 'PNGJL12', (38156, 1883)]
[0.0031946579569128719, 'OTHNDD53', (1346, 1883)]
[0.0031890630907874806, 'HELD31X', (14845, 1883)]
[0.0031601811265128399, 'DSFL1353', (2293, 1883)]
[0.0031323257946033189, 'ADSPRF42', (7642, 1883)]
[0.0031312676789310157, 'STPDIF53', (2994, 1883)]
[0.0031228136682264207, 'DSEY1353', (2314, 1883)]
[0.0031131375215894819, 'APRTRT42', (820, 1883)]
[0.0030889814406240834, 'EDUYRDEG', (20218, 1883)]
[0.0030542611168279388, 'DNDLRS42', (1140, 1883)]
[0.0030534013399599047, 'HPNJL12', (38156, 1883)]
[0.0030404322177776111, 'MDDLAY42', (38160, 1883)]
[0.0030287594180472555, 'NHRWG42', (1618, 1883)]
[0.0030212422063300437, 'PNGJU12', (38069, 1883)]
[0.0030186850868585413, 'MESBPR42', (9197, 1883)]
[0.0030045364005903963, 'TIMALN42', (3431, 1883)]
[0.0030000218418329005, 'PRING12', (38687, 1883)]
[0.0029675298857527732, 'PRING53', (38689, 1883)]
[0.0029424377810846059, 'CHBRON31', (27042, 1883)]
[0.0029159730519338067, 'PNGSE12', (38344, 1883)]
[0.002908450003512586, 'PHMONP12', (5003, 1883)]
[0.0029037975760042301, 'RXOPR12', (38974, 1883)]
[0.0029001148308538394, 'PNGAU12', (38265, 1883)]
[0.0028964226943766214, 'OFREMP31', (12876, 1883)]
[0.002892349995992638, 'PNGDE12', (38602, 1883)]
[0.0028756966240106596, 'HPNJU12', (38069, 1883)]
[0.0028615667805238498, 'SSCIMP12', (38974, 1883)]
[0.0028538697945573732, 'OCCCAT53', (2149, 1883)]
[0.0028414878676319422, 'FOODMN12', (7829, 1883)]
[0.0028276809102197875, 'PMUNRS42', (703, 1883)]
[0.0028184648075471053, 'PNGOC12', (38431, 1883)]
[0.0028118369580125702, 'PRING42', (38382, 1883)]
[0.0028116863561897798, 'PHQ242', (24641, 1883)]
[0.0028097086902304502, 'PHMONP42', (5044, 1883)]
[0.0028015152055889114, 'PNGNO12', (38529, 1883)]
[0.0027998933178827734, 'PBSVCT42', (144, 1883)]
[0.0027967017672888561, 'OBOMCR12', (38974, 1883)]
[0.0027914775830204519, 'HPNAU12', (38265, 1883)]
[0.0027891539665464427, 'PNGMY12', (37994, 1883)]
[0.0027741361762746441, 'YNOINS42', (1060, 1883)]
[0.002772491091824314, 'HPNSE12', (38344, 1883)]
[0.0027721035300524166, 'PNGAP12', (37920, 1883)]
[0.0027575671151991443, 'ADINSB42', (24527, 1883)]
[0.0027574037531636897, 'OBCTCH12', (38974, 1883)]
[0.0027550567188511232, 'AMCTCH12', (38974, 1883)]
[0.0027485308187762403, 'OFFER31X', (13504, 1883)]
[0.0027370752862821979, 'OBOPTO12', (38974, 1883)]
[0.0027305886743365093, 'OBTMCR12', (38974, 1883)]
[0.0027255473668510444, 'OFREMP42', (12443, 1883)]
[0.0027136099658964241, 'HPNDE12', (38602, 1883)]
[0.0027127780363827014, 'AMOPTO12', (38974, 1883)]
[0.0027095494454356661, 'ADINTR42', (24713, 1883)]
[0.0027054468290066414, 'OPPEXP12', (38974, 1883)]
[0.0026917394750316515, 'APRDLM42', (1027, 1883)]
[0.0026601345338561622, 'INSURC12', (38974, 1883)]
[0.002654252527464096, 'PAYVAC31', (13822, 1883)]
[0.0026480541315037076, 'HPNOC12', (38431, 1883)]
[0.0026469594082602077, 'VISION42', (38233, 1883)]
[0.0026465728494177165, 'PNGMA12', (37833, 1883)]
[0.0026442030992861465, 'BSTST53', (14616, 1883)]
[0.0026347064729576042, 'AMTTCH12', (38974, 1883)]
[0.0026236609933690813, 'DSA1C53', (1488, 1883)]
[0.0026235330661866785, 'HPNMY12', (37994, 1883)]
[0.0026135969143438187, 'HPNAP12', (37920, 1883)]
[0.0026066917813322155, 'SICPAY31', (13724, 1883)]
[0.0026049979059579176, 'ADDOWN42', (24886, 1883)]
[0.0025950476632502495, 'HPNNO12', (38529, 1883)]
[0.0025830512200659683, 'WAGEP12X', (38974, 1883)]
[0.0025741189878011328, 'TOTOSR12', (38974, 1883)]
[0.0025740932805577987, 'MCS42', (24874, 1883)]
[0.0025691910857585931, 'CHLICO42', (456, 1883)]
[0.0025643041642556819, 'HELD42X', (15254, 1883)]
[0.0025627476288323514, 'STRKAGED', (924, 1883)]
[0.0025497090621748875, 'ADCAPE42', (24881, 1883)]
[0.0025337680833722453, 'HIDEG', (18324, 1883)]
[0.0025155584722088564, 'DENTCK53', (37497, 1883)]
[0.0025072560104285602, 'ADWRTH42', (24712, 1883)]
[0.0024991314235836004, 'ERDPTR12', (38974, 1883)]
[0.0024924384609303907, 'BRSTAGED', (373, 1883)]
[0.0024891995029585612, 'ERDPRV12', (38974, 1883)]
[0.0024883186839429472, 'HPNMA12', (37833, 1883)]
[0.002486920851202723, 'RACEWX', (38974, 1883)]
[0.0024822288307593254, 'OFREMP53', (12613, 1883)]
[0.0024800754519677115, 'AMNEXP12', (38974, 1883)]
[0.0024767446795451731, 'WASOTGOV', (766, 1883)]
[0.002470300783480428, 'OBEEXP12', (38974, 1883)]
[0.0024206629300204119, 'DENTIN31', (37776, 1883)]
[0.002407816616093128, 'HLTHLF42', (10770, 1883)]
[0.0023999695233655194, 'AMEEXP12', (38974, 1883)]
[0.0023952533469511206, 'INTRP12X', (38974, 1883)]
[0.00237364098379933, 'SKDKREMS', (235, 1883)]
[0.0023697618168447843, 'SICPAY42', (2161, 1883)]
[0.0023577476495607597, 'OBNEXP12', (38974, 1883)]
[0.0023482135342379751, 'CHBRON53', (27628, 1883)]
[0.0023402283112529121, 'PAYDR31', (13547, 1883)]
[0.0023287206936399851, 'CHILWW42', (1837, 1883)]
[0.0023284044265436954, 'DNTINS31', (37776, 1883)]
[0.0023152269013695381, 'RETPLN42', (2146, 1883)]
[0.0023034222504604296, 'DSEYNV53', (2314, 1883)]
[0.0022934295574853492, 'WHNBPR42', (6528, 1883)]
[0.0022789496713857549, 'DNUNPR42', (1566, 1883)]
[0.0022687822873139751, 'ADTLHW42', (11866, 1883)]
[0.0022413646802385001, 'IRAIMP12', (38974, 1883)]
[0.0022213028054499651, 'EMPHAGED', (440, 1883)]
[0.0022180401628487667, 'TRTIMP12', (38974, 1883)]
[0.0022101911539627039, 'CHSRCN42', (835, 1883)]
[0.0021988918370507982, 'PNGFE12', (37732, 1883)]
[0.0021869789728404809, 'ANGIDX', (28035, 1883)]
[0.0021841105298225916, 'DENTIN42', (38382, 1883)]
[0.0021728109902920956, 'OPPTCH12', (38974, 1883)]
[0.0021647717594190929, 'PENIMP12', (38974, 1883)]
[0.0021603028084369313, 'ADDPRS42', (24687, 1883)]
[0.0021575019273238905, 'REFIMP12', (38974, 1883)]
[0.0021505254549633035, 'HHASLF12', (38974, 1883)]
[0.0021496000150159622, 'STNDIF53', (2993, 1883)]
[0.0021434172927367046, 'SELFCM31', (16041, 1883)]
[0.002138812882843677, 'PBINFT42', (96, 1883)]
[0.0021255213232522774, 'MILDIF53', (2986, 1883)]
[0.0021240753531620582, 'ZIFTCH12', (38974, 1883)]
[0.0020950135773266654, 'HPNFE12', (37732, 1883)]
[0.0020814475308662539, 'PNGJA12', (37649, 1883)]
[0.0020722245103068637, 'PRING31', (37776, 1883)]
[0.0020617388000274683, 'DSCB1153', (2312, 1883)]
[0.002056588195530118, 'PAYDR42', (2134, 1883)]
[0.0020542179606618527, 'PMUNAB42', (38137, 1883)]
[0.0020249503752529652, 'HRHOW31', (14254, 1883)]
[0.0020127196762557142, 'EMPST42', (28519, 1883)]
[0.0020117374344011951, 'IPDOTH12', (38974, 1883)]
[0.0019853444431741085, 'AMASST12', (38974, 1883)]
[0.0019769672157685658, 'RACEBX', (38974, 1883)]
[0.0019728413360265984, 'OFFER53X', (13352, 1883)]
[0.0019686156169528291, 'AMTMCR12', (38974, 1883)]
[0.0019678089063359661, 'COLOAGED', (122, 1883)]
[0.0019305221412424522, 'INSAT31X', (37776, 1883)]
[0.0019252630869281973, 'DDNSCL53', (10054, 1883)]
[0.0019133965951533272, 'OPPPTR12', (38974, 1883)]
[0.0019012070013981752, 'HPNJA12', (37649, 1883)]
[0.0018975480769733988, 'INS31X', (37776, 1883)]
[0.0018881479345264074, 'DSFT1353', (2285, 1883)]
[0.0018873625357865853, 'OPPPRV12', (38974, 1883)]
[0.0018828036822685634, 'LEUKAGED', (38, 1883)]
[0.0018756958842633953, 'OBASST12', (38974, 1883)]
[0.0018750702880332426, 'ASATAK53', (3661, 1883)]
[0.0018699693772020742, 'OBETCH12', (38974, 1883)]
[0.001864483447309162, 'SEX', (38974, 1883)]
[0.0018611028521356987, 'OPTMCR12', (38974, 1883)]
[0.0018589084042446302, 'TOTOPR12', (38974, 1883)]
[0.0018543273432065632, 'DNTINS12', (38687, 1883)]
[0.0018532707614169475, 'AMASLF12', (38974, 1883)]
[0.0018383464185914855, 'SGMTRE53', (1001, 1883)]
[0.001832302623446358, 'INSJA12X', (37649, 1883)]
[0.0018307272914923622, 'OBOTCH12', (38974, 1883)]
[0.0018226356880555183, 'EMPST53', (28806, 1883)]
[0.0018222510749137388, 'MDDLPR42', (1072, 1883)]
[0.0018180469066666483, 'ADRISK42', (24510, 1883)]
[0.0018134301248996509, 'DENTIN53', (38687, 1883)]
[0.0018078819760272147, 'HELD53X', (15572, 1883)]
[0.0018039535748832769, 'ADHOPE42', (24738, 1883)]
[0.0017675867176634164, 'HOUR53', (2094, 1883)]
[0.0017643220146296157, 'PREGNT42', (7943, 1883)]
[0.0017352554420052568, 'BRAIREMS', (20, 1883)]
[0.0017346199578445187, 'BSNTY53', (141, 1883)]
[0.0017084858486686727, 'BRSTEX53', (13729, 1883)]
[0.0017074656217664907, 'YCHJ4253', (1699, 1883)]
[0.0017044893141587858, 'DIFFWG42', (11989, 1883)]
[0.0016867992111264662, 'LOCATN42', (28053, 1883)]
[0.0016636378359963233, 'OBASLF12', (38974, 1883)]
[0.0016321372983647553, 'INSAP12X', (37920, 1883)]
[0.0016228147416059713, 'EMPST31', (27907, 1883)]
[0.0016201205348621572, 'ERTMCR12', (38974, 1883)]
[0.0016093924051399089, 'OPFMCR12', (38974, 1883)]
[0.0016086676393285426, 'ASTHEP31', (1319, 1883)]
[0.0016013679433060091, 'PLCTYP42', (21577, 1883)]
[0.0015977643830107358, 'EMPHDX', (28043, 1883)]
[0.0015903923238783646, 'ALIIMP12', (38974, 1883)]
[0.0015863834583729197, 'BUSIMP12', (38974, 1883)]
[0.0015848393212797296, 'INSFE12X', (37732, 1883)]
[0.0015808474958332042, 'INSJU12X', (38069, 1883)]
[0.0015765076727871641, 'USBORN42', (38130, 1883)]
[0.0015705793476011864, 'OPOTCH12', (38974, 1883)]
[0.0015671166172711581, 'CHTHER42', (10756, 1883)]
[0.0015658069420990683, 'BSTSRE53', (3657, 1883)]
[0.0015628748644319623, 'INSMA12X', (37833, 1883)]
[0.0015605267218993246, 'OPDMCR12', (38974, 1883)]
[0.0015583403593293355, 'INSMY12X', (37994, 1883)]
[0.0015538375936274829, 'INSJL12X', (38156, 1883)]
[0.0015471640393506236, 'INS42X', (38382, 1883)]
[0.0015312582592897916, 'ADRTWW42', (13995, 1883)]
[0.0015311529263390966, 'DSCH1153', (2313, 1883)]
[0.0015274305543183653, 'PAYVAC42', (2171, 1883)]
[0.0015239774117727922, 'ASIANP42', (11295, 1883)]
[0.0015235605990279177, 'DSCH1253', (2313, 1883)]
[0.0015138036112526398, 'CABREAST', (2283, 1883)]
[0.0014946983575938599, 'FTSTU53X', (3946, 1883)]
[0.0014823222743943765, 'AMCPTR12', (38974, 1883)]
[0.0014777674130375118, 'PHNREG42', (27188, 1883)]
[0.0014768764230572717, 'DSCNPC53', (1856, 1883)]
[0.0014744925111007667, 'DPOTSD12', (793, 1883)]
[0.0014567055525536166, 'BLCKPR42', (11295, 1883)]
[0.0014551107028758503, 'DSPRX53', (2348, 1883)]
[0.0014474834909912193, 'OBVOTH12', (38974, 1883)]
[0.0014455685524745743, 'LSHLTH42', (10769, 1883)]
[0.0014150247936924876, 'AMCPRV12', (38974, 1883)]
[0.0014091659219692687, 'ENDRFM12', (38971, 1883)]
[0.0014084704044418084, 'OPPSLF12', (38974, 1883)]
[0.001408308130978364, 'MORE31', (13656, 1883)]
[0.0014080357750491101, 'DSCHNV53', (2313, 1883)]
[0.001407976876021455, 'INS53X', (38689, 1883)]
[0.0013965030247081733, 'PMUNPR42', (698, 1883)]
[0.0013903087965372318, 'HSELIM31', (2394, 1883)]
[0.0013863293437481605, 'JOBORG42', (2257, 1883)]
[0.0013815491761067777, 'AMNOSR12', (38974, 1883)]
[0.0013815084196908689, 'INSAT42X', (38382, 1883)]
[0.0013714146889549639, 'HSELIM53', (2643, 1883)]
[0.0013699669695689254, 'OBCPTR12', (38974, 1883)]
[0.0013583946590824958, 'SALIMP12', (38974, 1883)]
[0.0013500526244449862, 'LFTDIF53', (3000, 1883)]
[0.0013400534215509685, 'OBOOTH12', (38974, 1883)]
[0.0013319610089811418, 'VISOSR12', (38974, 1883)]
[0.0013317781062734957, 'PREVCOVR', (4519, 1883)]
[0.0013299203163252837, 'WLKDIF53', (2992, 1883)]
[0.0013241397622144602, 'OTHMCR12', (38974, 1883)]
[0.0013185287948918045, 'BPMLDX', (8760, 1883)]
[0.0013112457108124254, 'OBNOSR12', (38974, 1883)]
[0.0013109524830635655, 'YNOUSC42', (9181, 1883)]
[0.0013035033836918952, 'OBCPRV12', (38974, 1883)]
[0.0013020032919660585, 'INSAT53X', (38689, 1883)]
[0.0012987328802605003, 'RCHDIF53', (2994, 1883)]
[0.0012887329907165235, 'RTPLNM42', (9684, 1883)]
[0.0012869266604425, 'IPZERO12', (38974, 1883)]
[0.0012858830798173626, 'INSAT12X', (38687, 1883)]
[0.0012852038413244671, 'PHYEXE53', (27316, 1883)]
[0.0012794818559450638, 'ADILWW42', (6608, 1883)]
[0.0012793737799411398, 'INS12X', (38687, 1883)]
[0.0012704444273876625, 'OFFHOU42', (25413, 1883)]
[0.0012644991271618666, 'WASCHAMP', (766, 1883)]
[0.0012571807103620714, 'INSAU12X', (38265, 1883)]
[0.0012489669785892277, 'DIFFWG31', (5995, 1883)]
[0.0012425651567860019, 'WASOTHER', (766, 1883)]
[0.001237853477029871, 'ERFMCR12', (38974, 1883)]
[0.0012272594486635313, 'PAYDR53', (1866, 1883)]
[0.0012203302831244045, 'AMETCH12', (38974, 1883)]
[0.0012076243375791496, 'HHATCH12', (38974, 1883)]
[0.0011932986061049533, 'OBVOPR12', (38974, 1883)]
[0.0011817585297091426, 'INSDE12X', (38602, 1883)]
[0.001179172328676259, 'CHPMHB42', (1819, 1883)]
[0.0011766395163861354, 'ENGSPK42', (38175, 1883)]
[0.0011732284335654874, 'HHAMCR12', (38974, 1883)]
[0.0011720399673333937, 'DSEY1153', (2314, 1883)]
[0.0011664639434322277, 'BSNTY42', (173, 1883)]
[0.0011612492731046808, 'HOUR42', (2410, 1883)]
[0.0011526315507637275, 'INSOC12X', (38431, 1883)]
[0.0011481130249175742, 'UNINS12', (38974, 1883)]
[0.0011425662469035647, 'ERDMCR12', (38974, 1883)]
[0.0011422431459870985, 'OTHRREMS', (462, 1883)]
[0.0011362440525619633, 'OPSMCR12', (38974, 1883)]
[0.0011098380090952542, 'INSSE12X', (38344, 1883)]
[0.0011094359263851272, 'DSDIET53', (2319, 1883)]
[0.0010981354425388945, 'PRDRNP31', (4224, 1883)]
[0.001091196344733758, 'INSNO12X', (38529, 1883)]
[0.0010900967454673394, 'ASTHDX', (38875, 1883)]
[0.001082475338604727, 'DSCH1353', (2312, 1883)]
[0.0010678040859715132, 'HRWG53X', (1986, 1883)]
[0.001054827403101366, 'DNDLAY42', (38117, 1883)]
[0.0010528438633522486, 'BENDIF53', (2998, 1883)]
[0.0010515458998775484, 'OPVMCR12', (38974, 1883)]
[0.0010490749819818124, 'CHSRHB42', (958, 1883)]
[0.0010459373389120064, 'BUSNP12X', (38902, 1883)]
[0.0010361305661559239, 'CERVREMS', (151, 1883)]
[0.0010157241046255816, 'RTPLNT42', (809, 1883)]
[0.0010129137060244098, 'AMAEXP12', (38974, 1883)]
[0.0010099241940935144, 'HHAEXP12', (38974, 1883)]
[0.00099683164931663182, 'RACEV1X', (38974, 1883)]
[0.00099565982337568304, 'DSFB1153', (2285, 1883)]
[0.00099557078967371648, 'WRHLTH42', (10770, 1883)]
[0.00098635279626146932, 'ADL3MO53', (569, 1883)]
[0.00098479791885097701, 'ADSAD42', (24740, 1883)]
[0.00098118567506444432, 'UNION42', (2387, 1883)]
[0.00097980211886983248, 'FTSTU12X', (4473, 1883)]
[0.00097509424894648422, 'AMTOTC12', (38974, 1883)]
[0.00097327852955120253, 'DVTMCR12', (38974, 1883)]
[0.00097257216930879409, 'AMAMCR12', (38974, 1883)]
[0.0009694663067625342, 'OBTOPR12', (38974, 1883)]
[0.00096888771963088427, 'ADHDADDX', (8708, 1883)]
[0.00096881664428383196, 'STNDIF31', (2870, 1883)]
[0.00096691501954704329, 'DNUNRS42', (1569, 1883)]
[0.00096688850087811584, 'CHOIC31', (8304, 1883)]
[0.00096410938392288426, 'OBAMCR12', (38974, 1883)]
[0.00096265217444191364, 'APRTRM42', (9771, 1883)]
[0.0009571317539252, 'IPDOSR12', (38974, 1883)]
[0.00095278962579015136, 'EVRETIRE', (7153, 1883)]
[0.00094641539036199873, 'PRDRNP42', (4418, 1883)]
[0.00094502923382067117, 'WHNWGT42', (10129, 1883)]
[0.00094001445366043157, 'ASSTIL53', (3671, 1883)]
[0.0009179942127333085, 'AMTOPR12', (38974, 1883)]
[0.00091390686678216593, 'FTSTU42X', (3880, 1883)]
[0.0009123045304895161, 'PRDRNP12', (4361, 1883)]
[0.00090723025535355273, 'SCLNBD31', (1979, 1883)]
[0.00089991068812578234, 'DSMED53', (2333, 1883)]
[0.00089242194328131852, 'OBOOSR12', (38974, 1883)]
[0.00089230058796807565, 'COVRYY', (704, 1883)]
[0.00089149629501872329, 'DVGOPR12', (38974, 1883)]
[0.0008884729924949486, 'DSFT1253', (2285, 1883)]
[0.00088720498944105941, 'NOSMOK42', (10545, 1883)]
[0.00088448306099997431, 'DIFFPL42', (9181, 1883)]
[0.00088116630523049633, 'IPDOPR12', (38974, 1883)]
[0.00087963290705450614, 'PREGNT31', (7799, 1883)]
[0.00087577858284415555, 'FLSTAT12', (15387, 1883)]
[0.00086981413623143933, 'DSEYPR53', (2323, 1883)]
[0.00086506971075162031, 'AMNPRV12', (38974, 1883)]
[0.00085068537191590465, 'DSCINT53', (1856, 1883)]
[0.00084683798853957271, 'AMNPTR12', (38974, 1883)]
[0.00083275048031572485, 'RXWCP12', (38974, 1883)]
[0.00083119869736758556, 'LSTETH53', (27474, 1883)]
[0.00082137884208144385, 'ASMRCN53', (1782, 1883)]
[0.00080888688009317367, 'SICPAY53', (1888, 1883)]
[0.00080548909325062201, 'ELGRND53', (38974, 1883)]
[0.00080137759057752334, 'PHYSCL42', (9470, 1883)]
[0.00079174582837537866, 'ELGRND12', (38974, 1883)]
[0.000788072834088549, 'AMNOTH12', (38974, 1883)]
[0.0007873963190674349, 'FILEDR12', (32836, 1883)]
[0.00078721557973826517, 'OBAEXP12', (38974, 1883)]
[0.00078703140924796244, 'MDUNAB42', (38163, 1883)]
[0.00077322392098611026, 'FNGRDF53', (2998, 1883)]
[0.00077301093428472356, 'PMEDUP31', (13692, 1883)]
[0.00076965951276486422, 'INDCAT53', (2149, 1883)]
[0.00076914982586506753, 'CHOIC53', (562, 1883)]
[0.00076411360064820855, 'OBOOPR12', (38974, 1883)]
[0.00076199404101628954, 'VISPRV12', (38974, 1883)]
[0.00076117809253717361, 'MORJOB31', (16044, 1883)]
[0.00076111394725220105, 'AMDRC12', (38974, 1883)]
[0.00075296551360692909, 'KIDPRO42', (7844, 1883)]
[0.00075168609347897597, 'SCHPRO42', (7840, 1883)]
[0.00075102964380602266, 'VISPTR12', (38974, 1883)]
[0.0007455930851434367, 'WHNSMK42', (5271, 1883)]
[0.00074288148541667987, 'SAFEST42', (2850, 1883)]
[0.0007363097687174136, 'OBNOTH12', (38974, 1883)]
[0.0007299523388585305, 'BENDIF31', (2873, 1883)]
[0.00072710140080878283, 'OBNPRV12', (38974, 1883)]
[0.00072322671090474522, 'OPOMCR12', (38974, 1883)]
[0.00072256293493377921, 'DVGMCR12', (38974, 1883)]
[0.000720866264807829, 'OBNPTR12', (38974, 1883)]
[0.00071484736397575688, 'ASTHEP53', (775, 1883)]
[0.00071240068234501575, 'ELGRND31', (38974, 1883)]
[0.00071020742343530507, 'CSTSVM42', (9810, 1883)]
[0.00069984168150705184, 'SKNMREMS', (344, 1883)]
[0.00069889565677050403, 'POGJL12', (38156, 1883)]
[0.000692867896277094, 'OBVOSR12', (38974, 1883)]
[0.00069081949107874241, 'OBDOPR12', (38974, 1883)]
[0.00068126456892547704, 'HPOJL12', (38156, 1883)]
[0.00068094963004883269, 'ENDRFD12', (38963, 1883)]
[0.00067997323971946688, 'PREGNT53', (8007, 1883)]
[0.00067479115088986408, 'MIAGED', (888, 1883)]
[0.00067398413565389337, 'IPTOTH12', (38974, 1883)]
[0.0006640694965869276, 'OPPMCR12', (38974, 1883)]
[0.00066221911170472048, 'AMNMCR12', (38974, 1883)]
[0.00065194089096343166, 'AMNTCH12', (38974, 1883)]
[0.00064987917511472038, 'OPTOTH12', (38974, 1883)]
[0.00064893880735239495, 'MILDIF31', (2846, 1883)]
[0.00064637185063198821, 'DSCPCP53', (1856, 1883)]
[0.00063995108006575929, 'HPOJU12', (38069, 1883)]
[0.00063968744690134915, 'OTPUBB31', (37776, 1883)]
[0.00063572927740251917, 'PSTATS53', (38717, 1883)]
[0.00063186668525405665, 'INSCOP31', (38974, 1883)]
[0.00063130775548947415, 'POGJU12', (38069, 1883)]
[0.0006281329762518606, 'PMEDUP42', (15116, 1883)]
[0.0006255177014975466, 'SSIDIS12', (967, 1883)]
[0.00062441673597291025, 'ERTOSR12', (38974, 1883)]
[0.0006198897956612992, 'POGSE12', (38344, 1883)]
[0.00061849691873727686, 'VETSP12X', (38974, 1883)]
[0.00061617667123925468, 'WLKDIF31', (2863, 1883)]
[0.00061096538182969784, 'INSC1231', (38974, 1883)]
[0.00061005689964066523, 'ADL3MO31', (551, 1883)]
[0.00060502366017656239, 'POGAU12', (38265, 1883)]
[0.00060244293326217058, 'HRHOW53', (1995, 1883)]
[0.00060053711357654915, 'ERFOSR12', (38974, 1883)]
[0.00059924876469663602, 'HPOSE12', (38344, 1883)]
[0.00059679950179170049, 'OTPBAT31', (37776, 1883)]
[0.00059452242192936655, 'HPOAU12', (38265, 1883)]
[0.00059195305376669172, 'HPOMY12', (37994, 1883)]
[0.00059000816238397036, 'HPOAP12', (37920, 1883)]
[0.00058934175761782281, 'POGAP12', (37920, 1883)]
[0.00058643465163710218, 'POGMY12', (37994, 1883)]
[0.0005817927388176436, 'HHAGD12', (38919, 1883)]
[0.00057490360505618732, 'OPBJA12', (37649, 1883)]
[0.00057020423924569741, 'REFDP12X', (38974, 1883)]
[0.00056998770342564509, 'OBEPTR12', (38974, 1883)]
[0.00056963225636941228, 'HHINFD12', (38960, 1883)]
[0.00056707782276488317, 'AMEPTR12', (38974, 1883)]
[0.0005659082225325518, 'ZIDEXP12', (38974, 1883)]
[0.00056104111289678738, 'DIABAGED', (2640, 1883)]
[0.00055898747821903072, 'SELDSI42', (9181, 1883)]
[0.0005560431061297777, 'RACEVER', (38974, 1883)]
[0.00055541698966232733, 'ADEGMC42', (11097, 1883)]
[0.00055048184734773908, 'OBEPRV12', (38974, 1883)]
[0.00054770126521552776, 'AMEPRV12', (38974, 1883)]
[0.0005429486017408669, 'AMATCH12', (38974, 1883)]
[0.000541958564801992, 'TOTOTH12', (38974, 1883)]
[0.00054123903008918006, 'SPRPRO42', (7843, 1883)]
[0.00053915769958812199, 'ASWNFL53', (394, 1883)]
[0.00053757438143875458, 'DPINRU12', (6256, 1883)]
[0.00053630249806690955, 'DSFT1153', (2285, 1883)]
[0.00053337925294494326, 'POGMA12', (37833, 1883)]
[0.00053223855223760719, 'ARTHAGED', (5811, 1883)]
[0.00053193309900834151, 'BMINDX53', (27041, 1883)]
[0.00052925871478703979, 'YNOINS31', (1041, 1883)]
[0.00052715414348969425, 'HPOMA12', (37833, 1883)]
[0.00052319275853041081, 'OBCMCR12', (38974, 1883)]
[0.00052319275853041081, 'AMCMCR12', (38974, 1883)]
[0.00052251641861333908, 'STPDIF31', (2871, 1883)]
[0.00051670612907439573, 'OBNMCR12', (38974, 1883)]
[0.00051570528612110422, 'IPDOPU12', (38974, 1883)]
[0.00051519374430619713, 'PRSTAGED', (266, 1883)]
[0.00051433696957958741, 'OPTOPR12', (38974, 1883)]
[0.00051366215805859206, 'PRIOG12', (38687, 1883)]
[0.00050626865381364627, 'OBNTCH12', (38974, 1883)]
[0.00050457381956980907, 'POGDE12', (38602, 1883)]
[0.00050391720797626771, 'ZIDPRV12', (38974, 1883)]
[0.00050391720797626771, 'ZIDPTR12', (38974, 1883)]
[0.00049980137894412024, 'OPFOTH12', (38974, 1883)]
[0.00049940281262095265, 'POGNO12', (38529, 1883)]
[0.00049760392391096087, 'OBEMCR12', (38974, 1883)]
[0.00049699676283687655, 'PRIOG53', (38689, 1883)]
[0.00049661533916400824, 'IPFOTH12', (38974, 1883)]
[0.00049527858518427781, 'AMEMCR12', (38974, 1883)]
[0.00049143757235337038, 'FILER12', (20904, 1883)]
[0.0004912439142510383, 'SELFCM53', (2144, 1883)]
[0.00048757056613246696, 'HPODE12', (38602, 1883)]
[0.00048661405577876682, 'POGOC12', (38431, 1883)]
[0.00048588521212311608, 'HASFSA31', (2000, 1883)]
[0.00048575324729394076, 'OPBEV12', (38974, 1883)]
[0.00048572666762392025, 'OBDOTH12', (38974, 1883)]
[0.00048330803458374039, 'HPONO12', (38529, 1883)]
[0.00048118712002453989, 'OBATCH12', (38974, 1883)]
[0.00048086680612768884, 'MORJOB42', (16394, 1883)]
[0.00047305079414095008, 'CHBMIX42', (5689, 1883)]
[0.00047005209512129831, 'HPOOC12', (38431, 1883)]
[0.00046020371773314306, 'ZIDTCH12', (38974, 1883)]
[0.00045898302916524969, 'MESHGT42', (10603, 1883)]
[0.00045541080036570758, 'ADHECR42', (15781, 1883)]
[0.00043819797515920467, 'OPFOPR12', (38974, 1883)]
[0.00043443420298650004, 'RXVA12', (38974, 1883)]
[0.00043113204014399997, 'RXOPU12', (38974, 1883)]
[0.00042883005965266285, 'SCLNBD53', (2154, 1883)]
[0.00042767040460711669, 'STJBDD42', (1470, 1883)]
[0.00042311140576800632, 'TMTKUS42', (28026, 1883)]
[0.0004205643613259813, 'PSTATS42', (38391, 1883)]
[0.00041934621772454772, 'HOUR31', (15813, 1883)]
[0.00041860803156001936, 'JNTPID12', (10362, 1883)]
[0.00041856947456564431, 'TOTOPU12', (38974, 1883)]
[0.00041721629212876366, 'TRSTP12X', (38885, 1883)]
[0.00041497017481972875, 'HPOJA12', (37649, 1883)]
[0.00041458445667585941, 'MESVIS42', (2452, 1883)]
[0.00041446002244394098, 'PRIOG31', (37776, 1883)]
[0.00041225277663947679, 'CAMELANO', (2283, 1883)]
[0.00040964161405643296, 'PRIOG42', (38382, 1883)]
[0.00040937794265971661, 'DNUNAB42', (38119, 1883)]
[0.0004054301915156211, 'WHNDEN42', (5271, 1883)]
[0.00040422886271118674, 'OPDOTH12', (38974, 1883)]
[0.00040368971309168167, 'CHTHCO42', (421, 1883)]
[0.00040198123473389469, 'POGJA12', (37649, 1883)]
[0.00040141915049529686, 'CASKINNM', (2283, 1883)]
[0.00039905006112594954, 'POGFE12', (37732, 1883)]
[0.00039740511106223231, 'HPOFE12', (37732, 1883)]
[0.00039696495012087052, 'TREATM42', (27145, 1883)]
[0.00039005067246433711, 'DVGMCD12', (38974, 1883)]
[0.00038351373255751664, 'OPBAP12', (37920, 1883)]
[0.00038221495544399353, 'MDDLRS42', (1075, 1883)]
[0.00038064273679816463, 'DFTOUS42', (28027, 1883)]
[0.00037553997793904337, 'AMAPRV12', (38974, 1883)]
[0.00037487045652517814, 'GENDRP42', (11668, 1883)]
[0.00037422210102044939, 'CHLIMP12', (38974, 1883)]
[0.00037382846503519751, 'DSCGRP53', (1856, 1883)]
[0.00037268372330168109, 'OPTOSR12', (38974, 1883)]
[0.00037240738386434824, 'SSNLJB53', (16680, 1883)]
[0.0003667831887615991, 'IADL3M31', (919, 1883)]
[0.00036647091300767709, 'PID', (38974, 1883)]
[0.00036273023926358672, 'ADSMOK42', (24631, 1883)]
[0.00036175118532444372, 'LUNGREMS', (52, 1883)]
[0.00036151026636210837, 'DEAF42', (1580, 1883)]
[0.00035670007039545482, 'AMAPTR12', (38974, 1883)]
[0.0003554602237711979, 'OBTOTH12', (38974, 1883)]
[0.00034987839638078722, 'OPVOSR12', (38974, 1883)]
[0.00034765364082200989, 'AMTOTH12', (38974, 1883)]
[0.00034712307036421919, 'DIFFWG53', (12592, 1883)]
[0.00034513220389820187, 'SELFCM42', (2493, 1883)]
[0.00034237996029307105, 'KEYNESS', (38974, 1883)]
[0.00034153079116128193, 'SCHLIM31', (2394, 1883)]
[0.00033849201998592537, 'PMNCNP42', (1741, 1883)]
[0.00033645262945092291, 'ERTOTH12', (38974, 1883)]
[0.00033345099270620793, 'CHLIST42', (7914, 1883)]
[0.0003332639621143052, 'NEVILL42', (10771, 1883)]
[0.00032995253783574263, 'DVTOPR12', (38974, 1883)]
[0.00032842436045776857, 'OPVOTH12', (38974, 1883)]
[0.00032837758762160885, 'CACOLON', (2283, 1883)]
[0.00032654609575577531, 'IPTOPU12', (38974, 1883)]
[0.00032337301993701217, 'OPBJL12', (38156, 1883)]
[0.00032217092047948093, 'TRBLE42', (7844, 1883)]
[0.00032181709340706188, 'VARSTR', (38974, 1883)]
[0.00032109493261789357, 'DSFL1253', (2293, 1883)]
[0.00031973750730529549, 'DVTMCD12', (38974, 1883)]
[0.0003193022762084663, 'DNDLPR42', (1139, 1883)]
[0.00031813549018211429, 'CALYMPH', (2283, 1883)]
[0.0003178598251689646, 'PACISP42', (11295, 1883)]
[0.00031226965987485311, 'OTHRCP42', (11295, 1883)]
[0.00030910852485299678, 'OPBMY12', (37994, 1883)]
[0.00030898488136454905, 'CHENEC42', (3259, 1883)]
[0.00030761532215262122, 'WAGIMP12', (38974, 1883)]
[0.00030530204216339119, 'ZIFPTR12', (38974, 1883)]
[0.00030031023642307364, 'NUMEMP42', (2126, 1883)]
[0.00029987173646428555, 'ERFOTH12', (38974, 1883)]
[0.00029940013941620602, 'ZIFPRV12', (38974, 1883)]
[0.00029784015356193461, 'SGMTST53', (14836, 1883)]
[0.00029750371810211007, 'IPDSTL12', (38974, 1883)]
[0.00029745552019766475, 'OPBMA12', (37833, 1883)]
[0.00029513607769893202, 'INSCOP12', (38974, 1883)]
[0.00029194219387296272, 'IADL3M53', (936, 1883)]
[0.00029107179992282628, 'ADFHLP42', (9402, 1883)]
[0.00029101918455121112, 'RNDFLG31', (16062, 1883)]
[0.00029095339699791722, 'NOINSTM', (472, 1883)]
[0.00028982044427805498, 'NOREAS42', (9181, 1883)]
[0.00028962112201136314, 'NEWDOC42', (9181, 1883)]
[0.00028926290503639152, 'INSCOP53', (38974, 1883)]
[0.0002884652267680643, 'OBDVA12', (38974, 1883)]
[0.00028792796404764065, 'TAXFRM12', (11711, 1883)]
[0.00028674056557687067, 'IPFOPU12', (38974, 1883)]
[0.00028661223825909854, 'WASSTAT3', (766, 1883)]
[0.00028649540824821074, 'OTHIMP12', (38974, 1883)]
[0.00028445201314186708, 'VETIMP12', (38974, 1883)]
[0.00028252021134667071, 'OPFOSR12', (38974, 1883)]
[0.00028163987373541755, 'JOBORG53', (1961, 1883)]
[0.00027550157667233233, 'OPAJA12', (37649, 1883)]
[0.00027509403045355985, 'OPBAU12', (38265, 1883)]
[0.00027395475256264401, 'ADCMPY42', (23439, 1883)]
[0.00027034595286345997, 'TEMPJB31', (15990, 1883)]
[0.00026950039391737679, 'OPBJU12', (38069, 1883)]
[0.00026825042199063454, 'OTPBAT42', (38382, 1883)]
[0.00026809774651659346, 'OPSOTH12', (38974, 1883)]
[0.00026708425546528858, 'PAYVAC53', (1889, 1883)]
[0.00026492737672412225, 'CHPRTM42', (7911, 1883)]
[0.00026241487384981443, 'DSKIDN53', (2316, 1883)]
[0.00026046962922476879, 'OBVVA12', (38974, 1883)]
[0.00025983109697613749, 'OTHDYS31', (17283, 1883)]
[0.00025913630107421426, 'SCHLIM53', (2643, 1883)]
[0.00025874046982299337, 'DADPRO42', (7837, 1883)]
[0.00025454152618398229, 'WCPIMP12', (38974, 1883)]
[0.00025257259158206757, 'RUCLAS31', (37788, 1883)]
[0.00025138823453940695, 'JOBORG31', (14084, 1883)]
[0.00024775657676978646, 'MOPID53X', (14233, 1883)]
[0.00024450484615856638, 'OPOOPR12', (38974, 1883)]
[0.00024343407263183181, 'OPPOTH12', (38974, 1883)]
[0.00024330965120766823, 'OTHVA12', (38974, 1883)]
[0.00024317709813581612, 'OPOOTH12', (38974, 1883)]
[0.00024156197468627738, 'PSTATS31', (37789, 1883)]
[0.00024046292925927748, 'OPVOPR12', (38974, 1883)]
[0.00024038354881705803, 'DVGOTH12', (38974, 1883)]
[0.00023880685391830525, 'OTPAAT31', (37776, 1883)]
[0.00023880685391830525, 'OTPUBA31', (37776, 1883)]
[0.00023762451637332482, 'RACEAX', (38974, 1883)]
[0.00023488285713368917, 'WLK3MO53', (2965, 1883)]
[0.00023158033854764337, 'SSNLJB42', (16376, 1883)]
[0.00023040136622254348, 'PMEDUP53', (14941, 1883)]
[0.00022861765658732658, 'DSCONF53', (2215, 1883)]
[0.00022790704604680467, 'OPPOPR12', (38974, 1883)]
[0.00022625994708747044, 'SALEP12X', (38886, 1883)]
[0.0002224239142303297, 'HRWGIM42', (38974, 1883)]
[0.00022139848796098871, 'PDKAP12', (37920, 1883)]
[0.00021736655978843444, 'OPDOSR12', (38974, 1883)]
[0.00021722427063586291, 'OTPUBB42', (38382, 1883)]
[0.00021526943365501872, 'OPBFE12', (37732, 1883)]
[0.00021355371312903326, 'VARPSU', (38974, 1883)]
[0.0002134834638168881, 'OPSOSR12', (38974, 1883)]
[0.00021054318019952944, 'PDKMA12', (37833, 1883)]
[0.00021046830778392867, 'EATHLT42', (9489, 1883)]
[0.00021004196254426066, 'LYMPREMS', (47, 1883)]
[0.0002030181993867286, 'DAPID53X', (9667, 1883)]
[0.00020261171934676803, 'OTHRP12X', (38974, 1883)]
[0.00020002006853747645, 'REGION42', (38382, 1883)]
[0.00019892968026369307, 'GDCPBT42', (819, 1883)]
[0.00019685807527991539, 'CHGJ3142', (16050, 1883)]
[0.00019584279613527045, 'OTPBAT53', (38689, 1883)]
[0.00019449410518257437, 'NUMEMP31', (14405, 1883)]
[0.0001929845653395601, 'ASATAK31', (3219, 1883)]
[0.00019282272340648277, 'PPRWKM42', (9792, 1883)]
[0.00019194738575400994, 'OBAPRV12', (38974, 1883)]
[0.00019190172503469327, 'MOPID42X', (14096, 1883)]
[0.00019116563912413564, 'TOTWCP12', (38974, 1883)]
[0.00018982497718034175, 'NOINUNIT', (457, 1883)]
[0.00018972588303856064, 'TEMPJB42', (16363, 1883)]
[0.00018964113535524518, 'ZIDSLF12', (38974, 1883)]
[0.00018923329269471267, 'SSNLJB31', (16009, 1883)]
[0.00018919000029238298, 'OPDOPR12', (38974, 1883)]
[0.000188009661507893, 'ERDOTH12', (38974, 1883)]
[0.00018758851161182477, 'OTPUBB53', (38689, 1883)]
[0.00018508861130372978, 'WHNHGT42', (9814, 1883)]
[0.00018486473259826663, 'CHEXPL42', (7916, 1883)]
[0.00018471068229730658, 'DSEY1253', (2314, 1883)]
[0.00018252776535787607, 'STJBMM53', (1803, 1883)]
[0.00018118358448226957, 'TRILI12X', (38619, 1883)]
[0.0001791707016891575, 'REGION53', (38687, 1883)]
[0.0001791707016891575, 'REGION12', (38687, 1883)]
[0.0001790469071809575, 'OBAPTR12', (38974, 1883)]
[0.00017865946144801637, 'TEMPJB53', (16676, 1883)]
[0.00017861599280688534, 'DISVW53X', (7822, 1883)]
[0.00017600233706638324, 'HPDMA12', (37833, 1883)]
[0.0001740719144466274, 'HPDJL12', (38156, 1883)]
[0.00017239233016874689, 'HISPCAT', (38791, 1883)]
[0.00017217017754667108, 'VISMCD12', (38974, 1883)]
[0.00017216857905455463, 'PDKMY12', (37994, 1883)]
[0.00017122303326833066, 'STJBDD53', (1292, 1883)]
[0.00017106340237660334, 'HPDAP12', (37920, 1883)]
[0.00017104194000638895, 'HPDMY12', (37994, 1883)]
[0.00017013633966722619, 'MOPID31X', (13839, 1883)]
[0.00016994375357981539, 'DAPID42X', (9553, 1883)]
[0.00016985288290916056, 'PDKSE12', (38344, 1883)]
[0.00016908477253241294, 'OTHNDD31', (1212, 1883)]
[0.00016907031386093063, 'PUBJL12X', (38156, 1883)]
[0.00016878922898155846, 'HPDJU12', (38069, 1883)]
[0.00016821474687678251, 'OPPTRI12', (38974, 1883)]
[0.00016754521050477145, 'PUBMY12X', (37994, 1883)]
[0.00016752575427358973, 'OBDMCD12', (38974, 1883)]
[0.00016734813235019796, 'PDKJL12', (38156, 1883)]
[0.00016578616840901006, 'PDKJU12', (38069, 1883)]
[0.00016578350441420753, 'STJBMM31', (4323, 1883)]
[0.00016533242275496018, 'OPAFE12', (37732, 1883)]
[0.00016498559756750186, 'DAPID31X', (9375, 1883)]
[0.00016471240037507773, 'DISVW42X', (7659, 1883)]
[0.00016347643887426599, 'PUBFE12X', (37732, 1883)]
[0.00016173057654755851, 'PUBP12X', (38974, 1883)]
[0.00016098098832040275, 'IPTOSR12', (38974, 1883)]
[0.0001602149030066613, 'OPBSE12', (38344, 1883)]
[0.00015744032171438604, 'OTHOPR12', (38974, 1883)]
[0.00015674235978513362, 'PUBMA12X', (37833, 1883)]
[0.00015622248248925441, 'PDKOC12', (38431, 1883)]
[0.00015503815216910688, 'REGION31', (37776, 1883)]
[0.0001548311776353728, 'ERDOPR12', (38974, 1883)]
[0.00015459560444741616, 'ZIDMCR12', (38974, 1883)]
[0.00015330537751112594, 'PUBSE12X', (38344, 1883)]
[0.00015249998115973717, 'PUBAP12X', (37920, 1883)]
[0.0001513583729293444, 'CHGJ4253', (16414, 1883)]
[0.00015115345345695363, 'OPAEV12', (38974, 1883)]
[0.0001511441690187354, 'PRIDK53', (38689, 1883)]
[0.00015102855572168838, 'OTPBAT12', (38687, 1883)]
[0.00015020086978456693, 'REFFRL42', (28033, 1883)]
[0.00014900879846357906, 'PRIDK42', (38382, 1883)]
[0.00014845450675127214, 'HHNPRV12', (38974, 1883)]
[0.00014845450675127214, 'HHNPTR12', (38974, 1883)]
[0.00014820966738970931, 'TRILI42X', (38317, 1883)]
[0.00014768820790533876, 'UNEMP12X', (38974, 1883)]
[0.00014707011764769629, 'PDKDE12', (38602, 1883)]
[0.00014684304801104719, 'CATHYROD', (2283, 1883)]
[0.00014598841214585878, 'PUB31X', (37776, 1883)]
[0.000145988359071203, 'RACETHX', (38974, 1883)]
[0.00014576163463397851, 'PUBJU12X', (38069, 1883)]
[0.00014482550276606609, 'LKINFM42', (9815, 1883)]
[0.00014458106681691785, 'ELGRND42', (38974, 1883)]
[0.00014305350072518763, 'PDKNO12', (38529, 1883)]
[0.00014187065270265808, 'OPBDE12', (38602, 1883)]
[0.00014086130255464013, 'AMNVA12', (38974, 1883)]
[0.0001402854839607226, 'CHHECR42', (7921, 1883)]
[0.00013994404961648055, 'PRIDK12', (38687, 1883)]
[0.00013962765176545044, 'OBNVA12', (38974, 1883)]
[0.00013886422342856974, 'RXTRI12', (38974, 1883)]
[0.00013841708023631938, 'PUBOC12X', (38431, 1883)]
[0.00013801235572585835, 'PDKFE12', (37732, 1883)]
[0.00013759759904441449, 'CASKINDK', (2283, 1883)]
[0.00013743012650269115, 'PUBAT31X', (37776, 1883)]
[0.00013728355001729753, 'OPBOC12', (38431, 1883)]
[0.00013674033088861837, 'TYPEPE42', (11712, 1883)]
[0.00013610349076143002, 'OTHDYS42', (17707, 1883)]
[0.00013520345133499756, 'IPTSTL12', (38974, 1883)]
[0.00013496407608659666, 'IPFOSR12', (38974, 1883)]
[0.00013178154394766217, 'AMNOPR12', (38974, 1883)]
[0.00013113519659868622, 'PUBNO12X', (38529, 1883)]
[0.000131091583419507, 'AFDC12', (365, 1883)]
[0.00013063593465412193, 'HPDAU12', (38265, 1883)]
[0.00013019251771639873, 'IPTOPR12', (38974, 1883)]
[0.00012987438178169164, 'RECPEP42', (330, 1883)]
[0.00012853070061891181, 'STJBDD31', (1731, 1883)]
[0.00012782521271736957, 'CHRESP42', (7915, 1883)]
[0.00012716628779496641, 'OTPUBB12', (38687, 1883)]
[0.00012700603709692171, 'ENDRFM31', (37776, 1883)]
[0.00012698517841036594, 'ERDOSR12', (38974, 1883)]
[0.00012543795303054939, 'PDKAU12', (38265, 1883)]
[0.00012505299311715845, 'CHEMPB42', (651, 1883)]
[0.00012492319002121999, 'OBNOPR12', (38974, 1883)]
[0.00012438156898531005, 'OPBNO12', (38529, 1883)]
[0.00012312813281267765, 'DVTOTH12', (38974, 1883)]
[0.00012299039438479209, 'AFTHOU42', (20623, 1883)]
[0.00012239696614202433, 'TRILI31X', (37722, 1883)]
[0.00012239677953529426, 'PMNCNP31', (1690, 1883)]
[0.00012152556995059793, 'CSTSVT42', (826, 1883)]
[0.00011912755693610499, 'ERTOPR12', (38974, 1883)]
[0.00011838306228062478, 'HRWGIM31', (38974, 1883)]
[0.00011793513220126339, 'HPDSE12', (38344, 1883)]
[0.00011753099780209553, 'WHNBST42', (1454, 1883)]
[0.00011638891433873866, 'NERVAF42', (7839, 1883)]
[0.00011619512542893062, 'RCHDIF31', (2870, 1883)]
[0.00011551602706394437, 'PUBDE12X', (38602, 1883)]
[0.00011533571492494676, 'MORJOB53', (16694, 1883)]
[0.00011519462746556464, 'PUBAU12X', (38265, 1883)]
[0.00011502578061461932, 'DVTVA12', (38974, 1883)]
[0.00011423680739341968, 'PDKJA12', (37649, 1883)]
[0.0001110275993393417, 'HPDNO12', (38529, 1883)]
[0.00011082204187595757, 'HPDDE12', (38602, 1883)]
[0.00011058143877329396, 'CSHIMP12', (38974, 1883)]
[0.00010930273085629771, 'ERDVA12', (38974, 1883)]
[0.00010906795765708299, 'DISVW31X', (7629, 1883)]
[0.00010782553008636953, 'LKINFT42', (827, 1883)]
[0.00010737825432083348, 'SSIIMP12', (38974, 1883)]
[0.00010600498413659842, 'IADL3M42', (917, 1883)]
[0.00010540653895230179, 'PUBAT12X', (38687, 1883)]
[0.00010507776767576527, 'OBDOSR12', (38974, 1883)]
[0.00010498232037259303, 'READNW42', (1548, 1883)]
[0.00010363822779724252, 'HPDOC12', (38431, 1883)]
[0.00010153081122910024, 'OPAMA12', (37833, 1883)]
[0.00010115668478993811, 'MOMPRO42', (7839, 1883)]
[9.9464465439291772e-05, 'ADL3MO42', (550, 1883)]
[9.7594606510487125e-05, 'RUCLAS53', (38708, 1883)]
[9.7087325732103658e-05, 'PUBAT53X', (38689, 1883)]
[9.6954244077074314e-05, 'RUCLAS42', (38389, 1883)]
[9.3617476300766889e-05, 'ADPRX42', (25109, 1883)]
[9.3118619359566779e-05, 'OPSOPU12', (38974, 1883)]
[9.2981045064499668e-05, 'ONGONG42', (28026, 1883)]
[9.2418330866483878e-05, 'OPSOPR12', (38974, 1883)]
[9.1950274826890777e-05, 'TRICH12X', (38617, 1883)]
[9.1949256042389571e-05, 'PUBAT42X', (38382, 1883)]
[9.1478064325634101e-05, 'INDCAT42', (2498, 1883)]
[9.1348111096900553e-05, 'OBEMCD12', (38974, 1883)]
[9.1032389222367449e-05, 'PUBJA12X', (37649, 1883)]
[8.939015508435677e-05, 'RUCLAS12', (38974, 1883)]
[8.9088190408648238e-05, 'REFPRS53', (38716, 1883)]
[8.8233149822980472e-05, 'HPDFE12', (37732, 1883)]
[8.7245251712109173e-05, 'ADLIST42', (15804, 1883)]
[8.7007848794340426e-05, 'PPRWKT42', (822, 1883)]
[8.6892194367749198e-05, 'NOLIKE42', (9181, 1883)]
[8.6642373835155162e-05, 'ASEVFL53', (628, 1883)]
[8.5715494386295887e-05, 'PRIDK31', (37776, 1883)]
[8.4550511205261358e-05, 'OPAMY12', (37994, 1883)]
[8.4177457963519053e-05, 'PUB12X', (38687, 1883)]
[8.4091909700823031e-05, 'STPRAT12', (38687, 1883)]
[8.3996268961605836e-05, 'BEGRFM42', (38363, 1883)]
[8.3917452783910385e-05, 'HHAOPU12', (38974, 1883)]
[8.3879339455306123e-05, 'REFPRS42', (38391, 1883)]
[8.3568469205208551e-05, 'OBVWCP12', (38974, 1883)]
[8.354087358330986e-05, 'WASSTAT4', (766, 1883)]
[8.2389465621557356e-05, 'IPFSTL12', (38974, 1883)]
[8.2386222120200969e-05, 'REFPRS12', (38974, 1883)]
[8.02234883003905e-05, 'STPRAT53', (38689, 1883)]
[8.0204108868109358e-05, 'STAOC12', (38431, 1883)]
[8.0199000088709838e-05, 'TOTTRI12', (38974, 1883)]
[7.9560155746061234e-05, 'DUID', (38974, 1883)]
[7.9558902916665453e-05, 'DUPERSID', (38974, 1883)]
[7.8436845770579744e-05, 'WHNHEL42', (3800, 1883)]
[7.8165052449730155e-05, 'STPRAT42', (38382, 1883)]
[7.7829509262383745e-05, 'STANO12', (38529, 1883)]
[7.7722294435922379e-05, 'FTSTU31X', (3815, 1883)]
[7.7140145348986167e-05, 'HRWGIM53', (38974, 1883)]
[7.6895794051679012e-05, 'OBDWCP12', (38974, 1883)]
[7.6704976920471957e-05, 'BLIND42', (1629, 1883)]
[7.6668486968411997e-05, 'OTHWCP12', (38974, 1883)]
[7.6396075302742616e-05, 'OTHDYS53', (17847, 1883)]
[7.6354091830266313e-05, 'OBVMCD12', (38974, 1883)]
[7.6172934263429859e-05, 'MSA42', (38382, 1883)]
[7.4510806790439865e-05, 'HOMEBH42', (7845, 1883)]
[7.3917510445498102e-05, 'OPAAP12', (37920, 1883)]
[7.3793290018886459e-05, 'AMEMCD12', (38974, 1883)]
[7.3275948744622177e-05, 'BOOST42', (3160, 1883)]
[7.2246971890788103e-05, 'PUB42X', (38382, 1883)]
[7.1919518406571292e-05, 'INSCOP42', (38974, 1883)]
[7.1647059044388506e-05, 'STASE12', (38344, 1883)]
[7.0784175901672519e-05, 'IPFOPR12', (38974, 1883)]
[7.0750334775326884e-05, 'OBCTRI12', (38974, 1883)]
[7.0750334775326884e-05, 'AMCTRI12', (38974, 1883)]
[7.0635498851556733e-05, 'HELMET42', (9438, 1883)]
[7.0609487282435879e-05, 'OPDOPU12', (38974, 1883)]
[6.9999982768464974e-05, 'INSCOPE', (38974, 1883)]
[6.9895998752733668e-05, 'RETPLN53', (1890, 1883)]
[6.9139335860279871e-05, 'ZIFMCR12', (38974, 1883)]
[6.9114613447163187e-05, 'PREVEN42', (28045, 1883)]
[6.8338719842575557e-05, 'ALIMP12X', (38974, 1883)]
[6.7636387593217329e-05, 'RXOTH12', (38974, 1883)]
[6.7196529808022376e-05, 'ERTVA12', (38974, 1883)]
[6.6730395314573698e-05, 'STAAU12', (38265, 1883)]
[6.6419769905068371e-05, 'WHNEAT42', (5728, 1883)]
[6.6363405276326226e-05, 'UNION31', (15640, 1883)]
[6.6233454852682172e-05, 'DVOTRI12', (38974, 1883)]
[6.5919926134361262e-05, 'STADE12', (38602, 1883)]
[6.5883319880222224e-05, 'STAPR42', (38382, 1883)]
[6.4919860641055038e-05, 'OBAOSR12', (38974, 1883)]
[6.4785712692971842e-05, 'PUB53X', (38689, 1883)]
[6.4546707851387275e-05, 'STAPR12', (38687, 1883)]
[6.4075969536725452e-05, 'HPDJA12', (37649, 1883)]
[6.3951251980332025e-05, 'LEUKREMS', (36, 1883)]
[6.3174849635694308e-05, 'HEARMO42', (1504, 1883)]
[6.2531179090163924e-05, 'STOMCH53', (1012, 1883)]
[6.2356908828054003e-05, 'STAJU12', (38069, 1883)]
[6.2062182285660406e-05, 'PERSLA42', (9181, 1883)]
[6.1094105639258878e-05, 'ERFVA12', (38974, 1883)]
[6.0935940386586118e-05, 'OTHNDD42', (1241, 1883)]
[6.0686545389043722e-05, 'RXMCD12', (38974, 1883)]
[6.0395312782568489e-05, 'CATHROAT', (2283, 1883)]
[5.9766893131585341e-05, 'OBOVA12', (38974, 1883)]
[5.9520799018608628e-05, 'DOCELS42', (9181, 1883)]
[5.9008630305834586e-05, 'OPAJU12', (38069, 1883)]
[5.8823484534009651e-05, 'DVGVA12', (38974, 1883)]
[5.8573473678436017e-05, 'UNEIMP12', (38974, 1883)]
[5.751935511655315e-05, 'STAPR53', (38689, 1883)]
[5.6654643382780812e-05, 'AMTOSR12', (38974, 1883)]
[5.6617892320476315e-05, 'CABLADDR', (2283, 1883)]
[5.6564460405916783e-05, 'HPSAP12', (37920, 1883)]
[5.6125114919258756e-05, 'NOINSBEF', (13513, 1883)]
[5.5927315776416187e-05, 'OPTMCD12', (38974, 1883)]
[5.5568032392039335e-05, 'OTHOTH12', (38974, 1883)]
[5.5509692613919803e-05, 'MSA53', (38687, 1883)]
[5.5509692613919803e-05, 'MSA12', (38687, 1883)]
[5.5284820337786478e-05, 'STAMA12', (37833, 1883)]
[5.5250710604415332e-05, 'AMTVA12', (38974, 1883)]
[5.5032156606404925e-05, 'DVTTRI12', (38974, 1883)]
[5.4764255742134615e-05, 'INSRPL42', (9181, 1883)]
[5.4747808246657925e-05, 'OBTVA12', (38974, 1883)]
[5.443811731598025e-05, 'OBTOSR12', (38974, 1883)]
[5.4235537910285458e-05, 'LFTDIF31', (2873, 1883)]
[5.3698735858365154e-05, 'DKWHRU42', (9181, 1883)]
[5.3654201782271649e-05, 'HPSJU12', (38069, 1883)]
[5.3413716788019983e-05, 'HPSMY12', (37994, 1883)]
[5.3198117299424474e-05, 'TRICH42X', (38317, 1883)]
[5.232232461038766e-05, 'INDCAT31', (16062, 1883)]
[5.2039841398454634e-05, 'HPSMA12', (37833, 1883)]
[5.1248266167647216e-05, 'OBCOPR12', (38974, 1883)]
[5.1182128497084811e-05, 'OPFMCD12', (38974, 1883)]
[5.1080597408215134e-05, 'AMCOPR12', (38974, 1883)]
[5.0629264529145068e-05, 'UNION53', (2072, 1883)]
[5.057501032079692e-05, 'DVOMCD12', (38974, 1883)]
[5.0094313473358909e-05, 'WLK3MO31', (2838, 1883)]
[4.9493210848461366e-05, 'OTPAAT42', (38382, 1883)]
[4.9493210848461366e-05, 'OTPUBA42', (38382, 1883)]
[4.9456701846639639e-05, 'STAJL12', (38156, 1883)]
[4.9104362610186136e-05, 'ERFOPR12', (38974, 1883)]
[4.9095896916595549e-05, 'REFPRS31', (37789, 1883)]
[4.8414170999655504e-05, 'TRIJU12X', (38069, 1883)]
[4.8198988951253519e-05, 'CASHP12X', (38974, 1883)]
[4.8077358352660582e-05, 'STAMY12', (37994, 1883)]
[4.7831062011671754e-05, 'WASSTAT2', (766, 1883)]
[4.737798254861314e-05, 'UNABLE31', (2384, 1883)]
[4.7083733098585157e-05, 'MINORP42', (28039, 1883)]
[4.6934125607078769e-05, 'TRIJL12X', (38156, 1883)]
[4.6491299867224001e-05, 'PANEL', (38974, 1883)]
[4.6389831323212505e-05, 'UNABLE53', (2634, 1883)]
[4.6079008958810341e-05, 'PMDLPR42', (829, 1883)]
[4.5325484697045226e-05, 'PRSAP12', (37920, 1883)]
[4.4719930728409629e-05, 'TRIEX12X', (38617, 1883)]
[4.4333228255921675e-05, 'BEGRFM53', (38671, 1883)]
[4.3954446100835654e-05, 'HPSDE12', (38602, 1883)]
[4.3593861463020467e-05, 'OPASE12', (38344, 1883)]
[4.226797182316222e-05, 'PRSJU12', (38069, 1883)]
[4.2027675435041267e-05, 'HPSFE12', (37732, 1883)]
[4.2003368090348658e-05, 'PRSMY12', (37994, 1883)]
[4.1699192898647652e-05, 'SEATBE53', (28690, 1883)]
[4.1547099176364455e-05, 'HPSSE12', (38344, 1883)]
[4.1511992602494274e-05, 'TRISE12X', (38344, 1883)]
[4.1179172180716428e-05, 'TRIMY12X', (37994, 1883)]
[4.1053789707423682e-05, 'STAAP12', (37920, 1883)]
[4.09374266516771e-05, 'TRIAU12X', (38265, 1883)]
[4.091879764211992e-05, 'PRIS31', (37776, 1883)]
[4.0823435776493611e-05, 'ERTMCD12', (38974, 1883)]
[4.0571469387629122e-05, 'NWK42', (6030, 1883)]
[4.0403718608583716e-05, 'OBOTRI12', (38974, 1883)]
[4.0302509165868194e-05, 'HPSNO12', (38529, 1883)]
[4.0284171559434867e-05, 'HPSJL12', (38156, 1883)]
[4.0183196112320019e-05, 'PRIS53', (38689, 1883)]
[4.0077801546800629e-05, 'HPSOC12', (38431, 1883)]
[3.9684191314171002e-05, 'SICEAS42', (10772, 1883)]
[3.9317910406011514e-05, 'MORE53', (1861, 1883)]
[3.9082099310028262e-05, 'HPSJA12', (37649, 1883)]
[3.8338310717755952e-05, 'OPAJL12', (38156, 1883)]
[3.7895580295543851e-05, 'OPVMCD12', (38974, 1883)]
[3.7686815373194626e-05, 'PRSDE12', (38602, 1883)]
[3.7498630354293461e-05, 'TRIMA12X', (37833, 1883)]
[3.7444321375978973e-05, 'HPSAU12', (38265, 1883)]
[3.7281913876863193e-05, 'PRSMA12', (37833, 1883)]
[3.7050918345382655e-05, 'PRIS12', (38687, 1883)]
[3.670693064805608e-05, 'OBAVA12', (38974, 1883)]
[3.6271110431140841e-05, 'OBCOTH12', (38974, 1883)]
[3.62543230938428e-05, 'OPDMCD12', (38974, 1883)]
[3.622505279832211e-05, 'AMCOTH12', (38974, 1883)]
[3.5387230616690246e-05, 'BEGRFM31', (37756, 1883)]
[3.5357996281515369e-05, 'TRIAP12X', (37920, 1883)]
[3.505484071242293e-05, 'OBAOTH12', (38974, 1883)]
[3.4854055613431356e-05, 'PRSNO12', (38529, 1883)]
[3.4745265443447693e-05, 'PRSFE12', (37732, 1883)]
[3.4623846321801821e-05, 'HAVFUN42', (7844, 1883)]
[3.4600579333243786e-05, 'PRSOC12', (38431, 1883)]
[3.4592524776666522e-05, 'OTHSTL12', (38974, 1883)]
[3.4475042483772533e-05, 'CHRTWW42', (6317, 1883)]
[3.4169078543921927e-05, 'AMAOSR12', (38974, 1883)]
[3.3774452516288633e-05, 'ERDMCD12', (38974, 1883)]
[3.3605842202577563e-05, 'OBETRI12', (38974, 1883)]
[3.3605842202577563e-05, 'AMETRI12', (38974, 1883)]
[3.3529588633784968e-05, 'PRSSE12', (38344, 1883)]
[3.3524982587906926e-05, 'VISMCR12', (38974, 1883)]
[3.3291935717549848e-05, 'TRIOC12X', (38431, 1883)]
[3.3212959417605603e-05, 'DECIDE42', (26303, 1883)]
[3.3158258074483804e-05, 'OPOOSR12', (38974, 1883)]
[3.2744092988479245e-05, 'WHNSAF42', (1857, 1883)]
[3.2708420258154014e-05, 'ERFMCD12', (38974, 1883)]
[3.2618829427510931e-05, 'PRSJL12', (38156, 1883)]
[3.2395725089173766e-05, 'OPTSTL12', (38974, 1883)]
[3.1349219455356625e-05, 'TRINO12X', (38529, 1883)]
[3.1178100674877918e-05, 'INTVLANG', (38974, 1883)]
[3.1165307412539534e-05, 'BEGRFY31', (37776, 1883)]
[3.1010201104741952e-05, 'OPPSTL12', (38974, 1883)]
[3.0747137895303922e-05, 'OPFSTL12', (38974, 1883)]
[3.0495588151713271e-05, 'AMAVA12', (38974, 1883)]
[3.0400832911059439e-05, 'PRIS42', (38382, 1883)]
[3.0394100526187628e-05, 'GDCPBM42', (9813, 1883)]
[3.0380094447224337e-05, 'PRSJA12', (37649, 1883)]
[3.0345547212151658e-05, 'TRIFE12X', (37732, 1883)]
[3.0286904114107394e-05, 'TRICR12X', (38687, 1883)]
[3.0132287581197126e-05, 'PRSAU12', (38265, 1883)]
[2.9612358897423974e-05, 'TRIAT12X', (38687, 1883)]
[2.9435535615851549e-05, 'OPTOPU12', (38974, 1883)]
[2.8194205557885432e-05, 'AMTTRI12', (38974, 1883)]
[2.8158111466169977e-05, 'TRIAT53X', (38689, 1883)]
[2.8004586293151057e-05, 'TRIEX42X', (38317, 1883)]
[2.7530877515280494e-05, 'ENDRFY53', (38689, 1883)]
[2.7409241429410258e-05, 'TRICR42X', (38382, 1883)]
[2.6779885083372257e-05, 'TRICH31X', (37722, 1883)]
[2.6578880805705474e-05, 'AMAOPR12', (38974, 1883)]
[2.6557727518361496e-05, 'MYSELF42', (9181, 1883)]
[2.6499416993397418e-05, 'TRIJA12X', (37649, 1883)]
[2.5964896908092783e-05, 'MELAAGED', (138, 1883)]
[2.5857136698226313e-05, 'OBAOPR12', (38974, 1883)]
[2.5855507162719782e-05, 'OPDSTL12', (38974, 1883)]
[2.578852169921042e-05, 'OBTTRI12', (38974, 1883)]
[2.5691794030335835e-05, 'AMAOTH12', (38974, 1883)]
[2.4611786092254562e-05, 'TRIAT42X', (38382, 1883)]
[2.4159240157195505e-05, 'OPDTRI12', (38974, 1883)]
[2.3678220112732795e-05, 'OBCWCP12', (38974, 1883)]
[2.3678220112732795e-05, 'AMCWCP12', (38974, 1883)]
[2.3666674265343524e-05, 'OPTWCP12', (38974, 1883)]
[2.2928481313688742e-05, 'WHNPHY42', (4145, 1883)]
[2.2865934531934862e-05, 'OBAOPU12', (38974, 1883)]
[2.2787244531308204e-05, 'OPVSTL12', (38974, 1883)]
[2.275701398235519e-05, 'STAFE12', (37732, 1883)]
[2.2729314333114203e-05, 'DENTAL42', (9469, 1883)]
[2.2125969994291061e-05, 'CALEUKEM', (2283, 1883)]
[2.1943500075449762e-05, 'NATAMP42', (11295, 1883)]
[2.1912083930097914e-05, 'WASSSI', (766, 1883)]
[2.1865838769508095e-05, 'OTPUBA12', (38687, 1883)]
[2.1838159513176691e-05, 'VISOTH12', (38974, 1883)]
[2.1585744014118724e-05, 'OPFWCP12', (38974, 1883)]
[2.1323142561868735e-05, 'NWK31', (6167, 1883)]
[2.1274885538824506e-05, 'TRICR53X', (38689, 1883)]
[2.124791808988391e-05, 'ENDRFD53', (38685, 1883)]
[2.1038758085456521e-05, 'OPAAU12', (38265, 1883)]
[2.0966842376624051e-05, 'OPSWCP12', (38974, 1883)]
[2.091609278243034e-05, 'ADRESP42', (15886, 1883)]
[2.0859685361918068e-05, 'OBVOPU12', (38974, 1883)]
[1.9960588126810563e-05, 'OPFOPU12', (38974, 1883)]
[1.9728636183047321e-05, 'OPDWCP12', (38974, 1883)]
[1.9658162131896972e-05, 'YCHJ3142', (1976, 1883)]
[1.9133696801509892e-05, 'OBOWCP12', (38974, 1883)]
[1.8937637749183445e-05, 'POUMA12', (37833, 1883)]
[1.8936960618942678e-05, 'ADPRTM42', (15883, 1883)]
[1.8730804549615954e-05, 'OPADE12', (38602, 1883)]
[1.8588455151458128e-05, 'VISVA12', (38974, 1883)]
[1.8520986388881333e-05, 'CAOTHER', (2283, 1883)]
[1.8106706368259395e-05, 'FMRS1231', (38417, 1883)]
[1.8092376208533878e-05, 'FNGRDF31', (2875, 1883)]
[1.8029066019775719e-05, 'POUJA12', (37649, 1883)]
[1.796860423131097e-05, 'CHLDP12X', (38974, 1883)]
[1.766268093938983e-05, 'NOHINS42', (9181, 1883)]
[1.7426570250389517e-05, 'POUAP12', (37920, 1883)]
[1.7380896430774229e-05, 'OPANO12', (38529, 1883)]
[1.6790315164660896e-05, 'OPVOPU12', (38974, 1883)]
[1.6504815738782597e-05, 'UNHAP42', (7837, 1883)]
[1.6108097844580449e-05, 'OPVWCP12', (38974, 1883)]
[1.6057386819756658e-05, 'VISOPR12', (38974, 1883)]
[1.5974540486074496e-05, 'PROUT42', (38382, 1883)]
[1.582467297933654e-05, 'OPAOC12', (38431, 1883)]
[1.5736289366463652e-05, 'ASSTIL31', (3228, 1883)]
[1.560807194755931e-05, 'OBVTRI12', (38974, 1883)]
[1.5601039675461337e-05, 'OPPOSR12', (38974, 1883)]
[1.5552507476424005e-05, 'OBNOPU12', (38974, 1883)]
[1.5323821897617051e-05, 'TRICR31X', (37776, 1883)]
[1.5307599674607708e-05, 'NOGODR42', (9181, 1883)]
[1.5131727365780279e-05, 'ONJOB42', (9181, 1883)]
[1.5126377198249052e-05, 'OTPAAT12', (38687, 1883)]
[1.5095983992630124e-05, 'OBEVA12', (38974, 1883)]
[1.4936618144001379e-05, 'POUFE12', (37732, 1883)]
[1.4897724069151685e-05, 'OBCOSR12', (38974, 1883)]
[1.4897724069151685e-05, 'AMCOSR12', (38974, 1883)]
[1.4760750134623635e-05, 'PROUT31', (37776, 1883)]
[1.4640148981892587e-05, 'POUMY12', (37994, 1883)]
[1.4625770565213081e-05, 'STAPR31', (37776, 1883)]
[1.4437343377471379e-05, 'ENDRFM42', (38379, 1883)]
[1.4383548356700082e-05, 'OTPAAT53', (38689, 1883)]
[1.4221076079401485e-05, 'TRIAT31X', (37776, 1883)]
[1.3766650249102952e-05, 'IPFWCP12', (38974, 1883)]
[1.3519929160210609e-05, 'OBOOPU12', (38974, 1883)]
[1.3363710424263431e-05, 'STPRAT31', (37776, 1883)]
[1.3349631997505718e-05, 'NEWARE42', (9181, 1883)]
[1.3188090987603651e-05, 'ARTHTYPE', (6213, 1883)]
[1.2941553066525557e-05, 'IPTWCP12', (38974, 1883)]
[1.2845438297603984e-05, 'ERDTRI12', (38974, 1883)]
[1.2714292725979348e-05, 'ERFSTL12', (38974, 1883)]
[1.2645970538072149e-05, 'CABRAIN', (2283, 1883)]
[1.2462773074095601e-05, 'JTINRU12', (10548, 1883)]
[1.2124422499093512e-05, 'OPSMCD12', (38974, 1883)]
[1.2086702156466345e-05, 'AMNOPU12', (38974, 1883)]
[1.2046566829404526e-05, 'OBAMCD12', (38974, 1883)]
[1.1828191689433609e-05, 'ADEZUN42', (11826, 1883)]
[1.1716685958895745e-05, 'OBDOPU12', (38974, 1883)]
[1.1641307055998418e-05, 'OBCVA12', (38974, 1883)]
[1.1641307055998418e-05, 'AMCVA12', (38974, 1883)]
[1.1617108840122903e-05, 'ERDOPU12', (38974, 1883)]
[1.1611337925043763e-05, 'POUJU12', (38069, 1883)]
[1.1539186406062107e-05, 'AMNOFD12', (38974, 1883)]
[1.1497658202408445e-05, 'TRIEV12', (38974, 1883)]
[1.1491355865422825e-05, 'OBNOFD12', (38974, 1883)]
[1.1254220219192312e-05, 'POUJL12', (38156, 1883)]
[1.0969334938937259e-05, 'OTPUBA53', (38689, 1883)]
[1.0919620409888253e-05, 'TRIEX31X', (37722, 1883)]
[1.0518888412636151e-05, 'AMTWCP12', (38974, 1883)]
[1.0398659340493666e-05, 'ERTSTL12', (38974, 1883)]
[1.0338423724221002e-05, 'OBEOPU12', (38974, 1883)]
[1.0338423724221002e-05, 'AMEOPU12', (38974, 1883)]
[1.0264138471938189e-05, 'OTHOSR12', (38974, 1883)]
[1.000554781616092e-05, 'POUAU12', (38265, 1883)]
[9.992748366660642e-06, 'DVGOFD12', (38974, 1883)]
[9.8766278839867994e-06, 'PAPSMR53', (13681, 1883)]
[9.6610524685791788e-06, 'HHNVA12', (38974, 1883)]
[9.6290210456206893e-06, 'OTHREA42', (9181, 1883)]
[9.4663239230685647e-06, 'DVTOFD12', (38974, 1883)]
[9.4500387115559192e-06, 'DVTSTL12', (38974, 1883)]
[9.2192765911436325e-06, 'NWK53', (6197, 1883)]
[8.7407670313899288e-06, 'DVGSTL12', (38974, 1883)]
[8.6595340156314649e-06, 'DVGOSR12', (38974, 1883)]
[8.6316112204443129e-06, 'POUOC12', (38431, 1883)]
[8.6052458359020534e-06, 'OPSTRI12', (38974, 1883)]
[8.4907632015296386e-06, 'HHAOSR12', (38974, 1883)]
[8.3918099780255773e-06, 'POUSE12', (38344, 1883)]
[8.3898050333708341e-06, 'ZIFTRI12', (38974, 1883)]
[8.3804602246662085e-06, 'CLNTRE53', (6621, 1883)]
[8.1643114628882074e-06, 'ENDRFM53', (38688, 1883)]
[8.1579489322747278e-06, 'JOBRSN42', (9181, 1883)]
[8.1554537930683679e-06, 'OPOSTL12', (38974, 1883)]
[8.1246459168182739e-06, 'ZIDMCD12', (38974, 1883)]
[8.1193885311803271e-06, 'IPDMCD12', (38974, 1883)]
[7.6321779531873801e-06, 'TRIDE12X', (38602, 1883)]
[7.4123792228597551e-06, 'OBOOFD12', (38974, 1883)]
[7.4094012124659159e-06, 'WASMCARE', (766, 1883)]
[7.3812509342463528e-06, 'ERFTRI12', (38974, 1883)]
[7.3654521622890101e-06, 'TRIPR31X', (37722, 1883)]
[7.1975115446543114e-06, 'ENDRFD42', (38374, 1883)]
[7.0131355596192435e-06, 'WRKLIM31', (2394, 1883)]
[6.9794024210034777e-06, 'BEGRFD53', (38643, 1883)]
[6.7971053355764255e-06, 'IPTOFD12', (38974, 1883)]
[6.7971053355764255e-06, 'IPFOFD12', (38974, 1883)]
[6.5318665737335024e-06, 'TRIST42X', (38317, 1883)]
[6.4982137092384207e-06, 'CARECO42', (9181, 1883)]
[6.4763405768220039e-06, 'EXPLOP42', (27365, 1883)]
[6.4290659618215784e-06, 'OPPMCD12', (38974, 1883)]
[6.4188032297129993e-06, 'STAJA12', (37649, 1883)]
[6.1834961445628167e-06, 'HHNMCD12', (38974, 1883)]
[6.1506627430096827e-06, 'WHNLAP42', (1870, 1883)]
[6.0523181413252303e-06, 'ZIFOPR12', (38974, 1883)]
[5.9216566734576759e-06, 'IPDVA12', (38974, 1883)]
[5.8671296011558738e-06, 'POUNO12', (38529, 1883)]
[5.7617851408897636e-06, 'MORE42', (2131, 1883)]
[5.7561210281553699e-06, 'ZIFMCD12', (38974, 1883)]
[5.6453218608698563e-06, 'OPOOPU12', (38974, 1883)]
[5.6324223529635731e-06, 'CERVAGED', (152, 1883)]
[5.598606198531364e-06, 'OPOWCP12', (38974, 1883)]
[5.592763348105656e-06, 'MESWGT42', (10627, 1883)]
[5.4666752481447034e-06, 'RXOFD12', (38974, 1883)]
[5.4492525425331451e-06, 'NUMEMP53', (1858, 1883)]
[5.4200451944375061e-06, 'TRIST12X', (38617, 1883)]
[5.3628496804458692e-06, 'OBEOPR12', (38974, 1883)]
[5.3628496804458692e-06, 'AMEOPR12', (38974, 1883)]
[5.1401796812289291e-06, 'POUDE12', (38602, 1883)]
[5.1014215514122441e-06, 'HEALTH42', (9181, 1883)]
[5.1014215514122441e-06, 'KNOWDR42', (9181, 1883)]
[4.9672288945368237e-06, 'VISTRI12', (38974, 1883)]
[4.9173646133882087e-06, 'OPPVA12', (38974, 1883)]
[4.8571375176331699e-06, 'USCNOT42', (9181, 1883)]
[4.6420508504896318e-06, 'LAPBLT42', (4515, 1883)]
[4.5462143259955567e-06, 'MSA31', (37776, 1883)]
[4.5245678160776848e-06, 'PROUT53', (38689, 1883)]
[4.4948707962344514e-06, 'OBNMCD12', (38974, 1883)]
[4.1295307290356575e-06, 'PROUT12', (38687, 1883)]
[4.0992165940556546e-06, 'OBEOTH12', (38974, 1883)]
[4.0992165940556546e-06, 'AMEOTH12', (38974, 1883)]
[3.7935378031095368e-06, 'AMNMCD12', (38974, 1883)]
[3.6918487622550344e-06, 'TOTOFD12', (38974, 1883)]
[3.5486493215053372e-06, 'AMAMCD12', (38974, 1883)]
[3.4870668818021144e-06, 'AMNSTL12', (38974, 1883)]
[3.3653485932427785e-06, 'BEGRFY53', (38689, 1883)]
[3.3372394706576713e-06, 'LANGPR42', (1639, 1883)]
[3.2135673038169443e-06, 'STJBMM42', (2062, 1883)]
[3.1575824485097215e-06, 'BEGRFD31', (37725, 1883)]
[3.1088764967934779e-06, 'OBCMCD12', (38974, 1883)]
[3.094081257315473e-06, 'DVOOFD12', (38974, 1883)]
[3.0392188785643981e-06, 'ADUPRO42', (7844, 1883)]
[2.862212877707826e-06, 'OBTWCP12', (38974, 1883)]
[2.8303362433756973e-06, 'AMATRI12', (38974, 1883)]
[2.8185331150121229e-06, 'DVTOSR12', (38974, 1883)]
[2.7962406263792872e-06, 'ADCMPD42', (23544, 1883)]
[2.7820485807295015e-06, 'TRANS42', (9181, 1883)]
[2.7518628582523519e-06, 'AMTMCD12', (38974, 1883)]
[2.7443348743494411e-06, 'OBATRI12', (38974, 1883)]
[2.5682460356168946e-06, 'HHAMCD12', (38974, 1883)]
[2.5370542665603679e-06, 'DSCPHN53', (1856, 1883)]
[2.5146880320292553e-06, 'AMEVA12', (38974, 1883)]
[2.4767623489907464e-06, 'OBTOFD12', (38974, 1883)]
[2.4399033595745578e-06, 'OBVOFD12', (38974, 1883)]
[2.3598122982360081e-06, 'AMTOFD12', (38974, 1883)]
[2.3107135797006961e-06, 'HHAOPR12', (38974, 1883)]
[2.21196632799181e-06, 'BEGRFD42', (38323, 1883)]
[2.100529208237667e-06, 'AMNTRI12', (38974, 1883)]
[2.0795133094386742e-06, 'SSIP12X', (38974, 1883)]
[2.0261761117801314e-06, 'OBCSTL12', (38974, 1883)]
[2.0261761117801314e-06, 'AMCSTL12', (38974, 1883)]
[1.8731409662242626e-06, 'OBDSTL12', (38974, 1883)]
[1.8623822013452696e-06, 'ERTTRI12', (38974, 1883)]
[1.8054539062672958e-06, 'HHAVA12', (38974, 1883)]
[1.7193307971785643e-06, 'IPDWCP12', (38974, 1883)]
[1.7187462296730516e-06, 'OBASTL12', (38974, 1883)]
[1.6186505776838445e-06, 'TRIST31X', (37722, 1883)]
[1.6089875641833729e-06, 'IPFMCD12', (38974, 1883)]
[1.6061287915203337e-06, 'IPTTRI12', (38974, 1883)]
[1.5757719717957031e-06, 'OBVSTL12', (38974, 1883)]
[1.5698316865320194e-06, 'ERDWCP12', (38974, 1883)]
[1.543869086906291e-06, 'ZIFOSR12', (38974, 1883)]
[1.4483625438987957e-06, 'AMCMCD12', (38974, 1883)]
[1.4440433165896494e-06, 'RESPCT42', (25022, 1883)]
[1.4180690228737802e-06, 'AMASTL12', (38974, 1883)]
[1.4137911656941782e-06, 'IPFTRI12', (38974, 1883)]
[1.3854138395386073e-06, 'OBEOFD12', (38974, 1883)]
[1.3854138395386073e-06, 'AMEOFD12', (38974, 1883)]
[1.3509583474125009e-06, 'ZIFOTH12', (38974, 1883)]
[1.3167252796986162e-06, 'IPDTRI12', (38974, 1883)]
[1.279423685995873e-06, 'ERTOFD12', (38974, 1883)]
[1.279423685995873e-06, 'ERFOFD12', (38974, 1883)]
[1.2177498094345651e-06, 'HHAOTH12', (38974, 1883)]
[1.1217737800883754e-06, 'ADEXPL42', (15908, 1883)]
[1.0905531558913495e-06, 'AMAOPU12', (38974, 1883)]
[1.0815799164065609e-06, 'DVOOTH12', (38974, 1883)]
[1.0783451882545592e-06, 'OBOMCD12', (38974, 1883)]
[9.5456334958665678e-07, 'SFFLAG42', (25110, 1883)]
[9.3863471495314599e-07, 'DVGOPU12', (38974, 1883)]
[9.3130312328604248e-07, 'OBAOFD12', (38974, 1883)]
[9.3130312328604248e-07, 'AMAOFD12', (38974, 1883)]
[8.9306257955446e-07, 'CLINIC42', (9181, 1883)]
[8.8208869919448318e-07, 'OPTTRI12', (38974, 1883)]
[8.7915783608671916e-07, 'OTHINS42', (9181, 1883)]
[8.7632695788819603e-07, 'TOTSTL12', (38974, 1883)]
[8.7192952513692745e-07, 'OBEOSR12', (38974, 1883)]
[8.7192952513692745e-07, 'AMEOSR12', (38974, 1883)]
[8.6082283246025071e-07, 'TRIPR42X', (38317, 1883)]
[8.490620404533189e-07, 'DOBMM', (38974, 1883)]
[8.0111451072895079e-07, 'CALUNG', (2283, 1883)]
[7.9042451595068286e-07, 'DVOSTL12', (38974, 1883)]
[7.6800295323309342e-07, 'IPTMCD12', (38974, 1883)]
[7.5525868559189746e-07, 'DVGTRI12', (38974, 1883)]
[6.6727882686024031e-07, 'HHNMCR12', (38974, 1883)]
[6.2510287301975609e-07, 'HHNSTL12', (38974, 1883)]
[6.2510287301975609e-07, 'HHNOTH12', (38974, 1883)]
[6.1672029372239479e-07, 'DVTOPU12', (38974, 1883)]
[6.1332842926642428e-07, 'ZIDOPR12', (38974, 1883)]
[6.1332842926642428e-07, 'ZIDOTH12', (38974, 1883)]
[5.9456316769956885e-07, 'OPTOFD12', (38974, 1883)]
[5.9456316769956885e-07, 'OPFOFD12', (38974, 1883)]
[5.8542661007798813e-07, 'OTHMCD12', (38974, 1883)]
[5.4413104189077188e-07, 'VISWCP12', (38974, 1883)]
[5.2821389773249905e-07, 'OBNSTL12', (38974, 1883)]
[5.2442418285725267e-07, 'ADCMPM42', (23574, 1883)]
[5.1620533259022494e-07, 'OBDOFD12', (38974, 1883)]
[5.1248827248606688e-07, 'OPOOFD12', (38974, 1883)]
[5.0893753156255883e-07, 'OPVOFD12', (38974, 1883)]
[4.94942478890259e-07, 'ERFWCP12', (38974, 1883)]
[4.4383163277927906e-07, 'DVOOPU12', (38974, 1883)]
[3.8786101830279307e-07, 'OBNWCP12', (38974, 1883)]
[3.8786101830279307e-07, 'AMNWCP12', (38974, 1883)]
[3.3358788442683363e-07, 'OBNTRI12', (38974, 1883)]
[3.3190212755940252e-07, 'OPFTRI12', (38974, 1883)]
[2.9424396885691095e-07, 'OTHTRI12', (38974, 1883)]
[2.9397816248000197e-07, 'OTHOPU12', (38974, 1883)]
[2.9308472215827663e-07, 'OPPWCP12', (38974, 1883)]
[2.8960676323741552e-07, 'OBTOPU12', (38974, 1883)]
[2.7379959288698075e-07, 'OPOTRI12', (38974, 1883)]
[2.644890602088168e-07, 'OBESTL12', (38974, 1883)]
[2.644890602088168e-07, 'AMESTL12', (38974, 1883)]
[2.4303039891648837e-07, 'DVOOPR12', (38974, 1883)]
[2.1145208572992402e-07, 'AMTOPU12', (38974, 1883)]
[2.0704140457628029e-07, 'ENDRFD31', (37773, 1883)]
[1.8196167073103453e-07, 'OBAWCP12', (38974, 1883)]
[1.7892796244645126e-07, 'RXSTL12', (38974, 1883)]
[1.6261315394228149e-07, 'AMAWCP12', (38974, 1883)]
[1.59125651655323e-07, 'PUBIMP12', (38974, 1883)]
[1.2703413354575588e-07, 'TRIPR12X', (38617, 1883)]
[1.2385589687191612e-07, 'SCHLBH42', (7836, 1883)]
[1.1635095875650592e-07, 'OBOSTL12', (38974, 1883)]
[1.1608529149054192e-07, 'ERTWCP12', (38974, 1883)]
[1.0525507976311133e-07, 'VISSTL12', (38974, 1883)]
[8.6260580789421226e-08, 'OPVTRI12', (38974, 1883)]
[7.1616128249907263e-08, 'TOTMCD12', (38974, 1883)]
[7.0371495630716652e-08, 'OPSSTL12', (38974, 1883)]
[6.4659802401223487e-08, 'OPOMCD12', (38974, 1883)]
[5.5239438911947047e-08, 'OPPOPU12', (38974, 1883)]
[4.9557066117422721e-08, 'ZIFVA12', (38974, 1883)]
[3.9601189105731294e-08, 'VISOFD12', (38974, 1883)]
[3.6871612429933975e-08, 'ERDSTL12', (38974, 1883)]
[3.3293459322791819e-08, 'HHASTL12', (38974, 1883)]
[2.8897319537257715e-08, 'OBTSTL12', (38974, 1883)]
[1.7323444567729496e-08, 'ERTOPU12', (38974, 1883)]
[9.9790408158995092e-09, 'AMTSTL12', (38974, 1883)]
[8.1774206295293084e-09, 'WASVA', (766, 1883)]
[7.8711510642648364e-09, 'CHOIC42', (645, 1883)]
[2.0014134793910898e-09, 'OBTMCD12', (38974, 1883)]
[1.4118147761976729e-09, 'OBDTRI12', (38974, 1883)]
[1.3737720960804722e-09, 'VISOPU12', (38974, 1883)]
[8.3925910665527681e-10, 'CACERVIX', (1344, 1883)]
[6.3852079179582688e-10, 'DVOVA12', (38974, 1883)]
[1.5309531420371059e-11, 'ERFOPU12', (38974, 1883)]]
